9.941662083588156951e-02 9.528999999999999693e-01
1.157086487723140017e-01 9.507999999999999785e-01
1.157102436730697986e-01 9.507999999999999785e-01
1.157206693945269926e-01 9.508999999999999675e-01
1.157291703971480706e-01 9.506999999999999895e-01
1.157465806229853594e-01 9.507999999999999785e-01
1.157445904071092851e-01 9.512000000000000455e-01
1.158275143472386193e-01 9.509999999999999565e-01
1.159437058173895113e-01 9.510999999999999455e-01
1.159624254961776624e-01 9.510999999999999455e-01
1.160443241900120936e-01 9.506000000000000005e-01
1.161835143104519991e-01 9.506999999999999895e-01
1.162201323042911516e-01 9.503000000000000336e-01
1.163824873452536796e-01 9.499999999999999556e-01
1.165790586321241856e-01 9.503000000000000336e-01
1.168585085586377331e-01 9.500999999999999446e-01
1.172492777990955803e-01 9.495000000000000107e-01
1.176554479625723099e-01 9.489999999999999547e-01
1.177378036783297416e-01 9.491000000000000547e-01
1.181070414256725210e-01 9.484000000000000208e-01
1.188650591780111843e-01 9.487999999999999767e-01
1.194776073913808440e-01 9.496999999999999886e-01
1.197806726205282585e-01 9.492000000000000437e-01
1.204011053343638227e-01 9.491000000000000547e-01
1.217095959007385986e-01 9.488999999999999657e-01
1.220242412149156325e-01 9.476999999999999869e-01
1.235774815517725334e-01 9.472000000000000419e-01
1.252267069419072676e-01 9.475999999999999979e-01
1.262484962676427847e-01 9.469999999999999529e-01
1.272492361995433141e-01 9.459999999999999520e-01
1.285569902302030332e-01 9.465999999999999970e-01
1.300920785897234644e-01 9.457999999999999741e-01
1.339507942604759028e-01 9.448999999999999622e-01
1.352042578458041988e-01 9.449999999999999512e-01
1.394406911897618506e-01 9.435999999999999943e-01
1.413309826223137222e-01 9.419999999999999485e-01
1.468113566452975416e-01 9.414000000000000146e-01
1.606466840280550423e-01 9.387999999999999678e-01
1.967818316377832055e-01 9.330000000000000515e-01
2.228971152024706581e-01 9.294999999999999929e-01
2.431690359330773432e-01 9.264999999999999902e-01
2.633781022747280764e-01 9.243999999999999995e-01
2.752432950539117629e-01 9.183000000000000052e-01
2.833723136409911358e-01 9.130000000000000338e-01
3.054613831025116411e-01 9.100000000000000311e-01
3.187265201462329278e-01 9.082999999999999963e-01
3.186825404028206798e-01 9.075999999999999623e-01
3.534571177593988089e-01 9.012000000000000011e-01
3.617629604752219397e-01 8.958000000000000407e-01
3.743714051236295970e-01 8.810999999999999943e-01
4.135539765706165993e-01 8.621999999999999664e-01
3.756563756322401360e-01 8.753999999999999559e-01
4.257673531420480550e-01 8.357999999999999874e-01
4.345241704689938866e-01 8.300999999999999490e-01
4.958004940185449239e-01 7.913999999999999924e-01
2.799524996446252079e-01 9.075999999999999623e-01
2.799529416413863436e-01 9.075999999999999623e-01
2.799567839451079787e-01 9.075999999999999623e-01
2.799547590758522109e-01 9.076999999999999513e-01
2.799604738935074777e-01 9.076999999999999513e-01
2.799606145847118310e-01 9.076999999999999513e-01
2.799633371792478176e-01 9.076999999999999513e-01
2.799334797606561898e-01 9.076999999999999513e-01
2.799129822409711643e-01 9.075999999999999623e-01
2.798954392974508654e-01 9.076999999999999513e-01
2.798840476921700127e-01 9.076999999999999513e-01
2.798949604530939217e-01 9.075999999999999623e-01
2.799342123064197940e-01 9.080000000000000293e-01
2.799986368202690423e-01 9.076999999999999513e-01
2.799818642035709626e-01 9.074999999999999734e-01
2.799797903268922972e-01 9.076999999999999513e-01
2.799111047438322397e-01 9.080000000000000293e-01
2.799083534757618730e-01 9.076999999999999513e-01
2.798538235351409331e-01 9.079000000000000403e-01
2.798143485933698438e-01 9.079000000000000403e-01
2.797369689842943430e-01 9.079000000000000403e-01
2.797592148999234474e-01 9.080000000000000293e-01
2.797011319502501481e-01 9.079000000000000403e-01
2.796164080218448977e-01 9.081000000000000183e-01
2.796570381371958902e-01 9.081000000000000183e-01
2.797742756297988964e-01 9.084999999999999742e-01
2.797612673668835037e-01 9.082000000000000073e-01
2.798908083463629293e-01 9.082999999999999963e-01
2.800580819478851735e-01 9.082000000000000073e-01
2.801082511879498527e-01 9.083999999999999853e-01
2.801221592928960225e-01 9.081000000000000183e-01
2.800704168966444141e-01 9.075999999999999623e-01
2.800730171992674711e-01 9.078000000000000513e-01
2.800446765074203204e-01 9.082000000000000073e-01
2.800264447553910130e-01 9.081000000000000183e-01
2.800241985753529894e-01 9.078000000000000513e-01
2.800438128934670812e-01 9.082000000000000073e-01
2.801477547822736613e-01 9.079000000000000403e-01
2.801537021981876374e-01 9.076999999999999513e-01
2.800253653357102634e-01 9.072999999999999954e-01
2.800474253901688027e-01 9.076999999999999513e-01
2.801044807517703017e-01 9.083999999999999853e-01
2.800302438256227489e-01 9.082999999999999963e-01
2.801003511371720767e-01 9.083999999999999853e-01
2.801334198497855699e-01 9.085999999999999632e-01
2.800321167604346573e-01 9.082999999999999963e-01
2.800426298225472399e-01 9.088000000000000522e-01
2.801230495154773403e-01 9.082000000000000073e-01
2.800724359779596107e-01 9.081000000000000183e-01
2.801914258136330438e-01 9.081000000000000183e-01
2.803146710926802676e-01 9.079000000000000403e-01
2.804404140883342555e-01 9.073999999999999844e-01
2.803849743203554179e-01 9.074999999999999734e-01
2.804453850547181104e-01 9.072999999999999954e-01
2.805587962738476104e-01 9.065999999999999615e-01
2.808573962134257584e-01 9.061000000000000165e-01
2.809695917705436474e-01 9.066999999999999504e-01
2.810171109529575051e-01 9.065999999999999615e-01
2.811526683091744028e-01 9.072999999999999954e-01
2.810385733370283634e-01 9.073999999999999844e-01
2.812740041332462138e-01 9.071000000000000174e-01
2.814963481008499468e-01 9.068000000000000504e-01
2.812938618045826566e-01 9.062999999999999945e-01
2.813764520135259573e-01 9.068000000000000504e-01
2.814464511541098779e-01 9.065999999999999615e-01
2.815469686743014566e-01 9.072000000000000064e-01
2.817917654439884845e-01 9.074999999999999734e-01
2.820289321565885854e-01 9.072999999999999954e-01
2.822007579962713675e-01 9.069000000000000394e-01
2.823369403585058723e-01 9.064999999999999725e-01
2.824500818843245775e-01 9.062999999999999945e-01
2.825439170271618616e-01 9.061000000000000165e-01
2.824105689367250593e-01 9.066999999999999504e-01
2.822522550179756839e-01 9.062000000000000055e-01
2.821303476031301050e-01 9.061000000000000165e-01
2.823167466319773111e-01 9.064999999999999725e-01
2.823692700827116209e-01 9.059000000000000385e-01
2.825270405126980577e-01 9.066999999999999504e-01
2.825901147033047511e-01 9.069000000000000394e-01
2.828492146998987100e-01 9.075999999999999623e-01
2.829876657279820074e-01 9.072000000000000064e-01
2.831761097349598244e-01 9.069000000000000394e-01
2.828902670884670956e-01 9.075999999999999623e-01
2.827389613282924596e-01 9.072000000000000064e-01
2.828922974413766722e-01 9.073999999999999844e-01
2.826084722464992649e-01 9.081000000000000183e-01
2.829556858252030849e-01 9.073999999999999844e-01
2.833405016289146650e-01 9.063999999999999835e-01
2.837371230969679137e-01 9.061000000000000165e-01
2.838492749086763411e-01 9.058000000000000496e-01
2.835158449167789474e-01 9.059000000000000385e-01
2.833635375381323707e-01 9.058000000000000496e-01
2.836904085918518503e-01 9.056999999999999496e-01
2.840209474852102289e-01 9.059000000000000385e-01
2.842615770921015361e-01 9.060000000000000275e-01
2.841555187419087525e-01 9.063999999999999835e-01
2.838865987797888901e-01 9.062000000000000055e-01
2.839476428896106075e-01 9.060000000000000275e-01
2.846899527111923511e-01 9.054999999999999716e-01
2.851392261514774096e-01 9.043999999999999817e-01
2.856318664469237323e-01 9.044999999999999707e-01
2.857229478138573753e-01 9.050000000000000266e-01
2.861715888241176953e-01 9.043999999999999817e-01
2.863408991408614712e-01 9.042000000000000037e-01
2.862786252182729085e-01 9.046999999999999487e-01
2.863250595639663665e-01 9.035999999999999588e-01
2.867396844331363548e-01 9.041000000000000147e-01
2.867392581228979109e-01 9.041000000000000147e-01
2.870161876610612950e-01 9.035999999999999588e-01
2.874438384251319367e-01 9.033999999999999808e-01
2.881127882851906574e-01 9.034999999999999698e-01
2.886596809687806964e-01 9.035999999999999588e-01
2.888509295847441205e-01 9.036999999999999478e-01
2.884904337155893006e-01 9.032000000000000028e-01
2.887817979774036647e-01 9.038000000000000478e-01
2.892174727047203131e-01 9.028000000000000469e-01
2.890327915036229323e-01 9.024999999999999689e-01
2.890935214822434318e-01 9.019000000000000350e-01
2.889416508424962338e-01 9.016999999999999460e-01
2.895726275728378041e-01 9.016999999999999460e-01
2.891977864810272858e-01 9.014999999999999680e-01
2.895472147579130073e-01 9.025999999999999579e-01
2.893839249504948641e-01 9.025999999999999579e-01
2.890612278554727799e-01 9.028000000000000469e-01
2.889953979847654786e-01 9.039000000000000368e-01
2.887647040329441861e-01 9.042999999999999927e-01
2.893035930076197082e-01 9.036999999999999478e-01
2.892646137266572937e-01 9.036999999999999478e-01
2.906264388378121954e-01 9.033999999999999808e-01
2.909857968705489295e-01 9.029000000000000359e-01
2.913683456266507044e-01 9.029000000000000359e-01
2.907869353907180376e-01 9.028000000000000469e-01
2.914145496613898545e-01 9.022000000000000020e-01
2.910274614289706796e-01 9.021000000000000130e-01
2.911075542409956030e-01 9.016999999999999460e-01
2.917057629885257408e-01 9.012999999999999901e-01
2.919540186426501926e-01 9.015999999999999570e-01
2.921110818140179588e-01 9.014999999999999680e-01
2.923043480027607277e-01 9.022000000000000020e-01
2.930209001429762150e-01 9.003999999999999782e-01
2.930470803287169579e-01 9.009000000000000341e-01
2.929752932248758657e-01 9.015999999999999570e-01
2.929460514358712686e-01 9.006999999999999451e-01
2.933906884993569553e-01 9.009000000000000341e-01
2.928827132609106432e-01 9.010000000000000231e-01
2.932666345134148922e-01 9.010000000000000231e-01
2.935375643801115264e-01 8.995999999999999552e-01
2.941453511185564973e-01 8.995999999999999552e-01
2.945001544763357626e-01 8.991000000000000103e-01
2.947564921194820164e-01 8.993999999999999773e-01
2.947721400377963930e-01 8.989000000000000323e-01
2.947799469628796243e-01 8.984999999999999654e-01
2.948534793790625330e-01 8.981999999999999984e-01
2.955053170147174391e-01 8.980000000000000204e-01
2.959385907973596797e-01 8.981000000000000094e-01
2.958802897645583241e-01 8.962999999999999856e-01
2.963359316086707218e-01 8.969000000000000306e-01
2.973646354827761962e-01 8.960000000000000187e-01
2.976914595627173643e-01 8.954999999999999627e-01
2.980893330593715196e-01 8.952999999999999847e-01
2.984385486154139122e-01 8.959000000000000297e-01
2.987657296838356902e-01 8.957000000000000517e-01
2.992245035982291634e-01 8.968000000000000416e-01
2.996036121005457020e-01 8.963999999999999746e-01
2.997923648362324500e-01 8.958000000000000407e-01
3.000115053398388354e-01 8.970000000000000195e-01
3.002963122733812162e-01 8.964999999999999636e-01
3.004286981854348837e-01 8.961000000000000076e-01
3.004784347858384108e-01 8.958000000000000407e-01
3.004752824395671151e-01 8.973999999999999755e-01
3.002386310433624583e-01 8.971999999999999975e-01
3.002757837477297853e-01 8.969000000000000306e-01
3.009128613071332947e-01 8.971000000000000085e-01
3.011314061796234731e-01 8.972999999999999865e-01
3.016196906837647629e-01 8.963999999999999746e-01
3.024437208266298471e-01 8.969000000000000306e-01
3.028688415422409186e-01 8.947000000000000508e-01
3.031367786502947026e-01 8.958000000000000407e-01
3.043172182813546622e-01 8.951000000000000068e-01
3.066997754868344139e-01 8.937000000000000499e-01
3.073846486586976900e-01 8.932999999999999829e-01
3.071106327093305888e-01 8.929000000000000270e-01
3.073837693183278930e-01 8.934999999999999609e-01
3.075475467533587692e-01 8.947000000000000508e-01
3.076051757619044924e-01 8.947000000000000508e-01
3.078968330688197641e-01 8.948000000000000398e-01
3.084375321303395867e-01 8.933999999999999719e-01
3.081115206373312709e-01 8.931000000000000050e-01
3.083220920741939763e-01 8.924999999999999600e-01
3.093984580289447228e-01 8.923999999999999710e-01
3.092577839053524680e-01 8.903999999999999693e-01
3.102947173739451503e-01 8.891000000000000014e-01
3.107963329245621020e-01 8.891000000000000014e-01
3.103473079037218363e-01 8.907000000000000473e-01
3.116631425183264970e-01 8.891000000000000014e-01
3.127472293014209592e-01 8.887000000000000455e-01
3.138885458862524791e-01 8.883999999999999675e-01
3.140998116965497688e-01 8.881999999999999895e-01
3.140776611975938937e-01 8.882999999999999785e-01
3.141464840964713900e-01 8.897000000000000464e-01
3.139781207294098375e-01 8.881999999999999895e-01
3.138941434138802222e-01 8.894999999999999574e-01
3.141320715610698144e-01 8.892999999999999794e-01
3.155693945522241028e-01 8.890000000000000124e-01
3.161445493188451139e-01 8.888000000000000345e-01
3.179154897375870426e-01 8.880000000000000115e-01
3.180642930032118176e-01 8.870000000000000107e-01
3.188060870557498094e-01 8.869000000000000217e-01
3.197991259889682580e-01 8.851999999999999869e-01
3.215173901253999822e-01 8.843999999999999639e-01
3.216264076153312335e-01 8.834999999999999520e-01
3.215008066310794943e-01 8.846000000000000529e-01
3.233522707429509202e-01 8.846000000000000529e-01
3.245767518821144892e-01 8.830000000000000071e-01
3.250183435186772551e-01 8.827000000000000401e-01
3.262518566498245343e-01 8.821999999999999842e-01
3.272201892738383355e-01 8.797000000000000375e-01
3.268207886888896407e-01 8.803999999999999604e-01
3.297702569809669582e-01 8.792999999999999705e-01
3.287140271782293399e-01 8.819000000000000172e-01
3.319245772420253426e-01 8.810999999999999943e-01
3.312900926283203762e-01 8.803999999999999604e-01
3.323089555749216273e-01 8.804999999999999494e-01
3.348175052975851940e-01 8.793999999999999595e-01
3.371124876867629960e-01 8.763999999999999568e-01
3.371177555227490852e-01 8.769000000000000128e-01
3.359157508810705628e-01 8.760999999999999899e-01
3.357900160099131504e-01 8.770999999999999908e-01
3.355819811139396647e-01 8.762999999999999678e-01
3.371979236700428650e-01 8.756000000000000449e-01
3.383908338298167728e-01 8.732999999999999652e-01
3.369797265576328082e-01 8.739000000000000101e-01
3.378650471002918043e-01 8.740999999999999881e-01
3.365331002111675573e-01 8.748000000000000220e-01
3.398777318818856363e-01 8.710999999999999854e-01
3.389105678376345132e-01 8.706000000000000405e-01
3.394803072693307056e-01 8.707000000000000295e-01
3.383445158538421205e-01 8.720999999999999863e-01
3.390760589920643886e-01 8.727000000000000313e-01
3.405953390889479571e-01 8.709000000000000075e-01
3.422198604295023650e-01 8.716000000000000414e-01
3.446584478946682073e-01 8.686000000000000387e-01
3.463439659866897613e-01 8.702999999999999625e-01
3.475704203963825845e-01 8.680999999999999828e-01
3.488457805547104940e-01 8.660999999999999810e-01
3.518196504609510389e-01 8.649000000000000021e-01
3.524224922758741330e-01 8.656000000000000361e-01
3.560410172723192379e-01 8.631999999999999673e-01
3.543769890687319957e-01 8.627000000000000224e-01
3.527769643415718526e-01 8.645000000000000462e-01
3.524792302516573939e-01 8.662999999999999590e-01
3.521893239407391518e-01 8.689000000000000057e-01
3.526744571897995062e-01 8.672999999999999599e-01
3.536643657444122901e-01 8.680999999999999828e-01
3.544619014310008698e-01 8.669000000000000039e-01
3.568899925542188822e-01 8.642999999999999572e-01
3.564644693733799996e-01 8.636000000000000343e-01
3.557677740142271561e-01 8.641999999999999682e-01
3.582497287272911057e-01 8.618000000000000105e-01
3.597515621681914855e-01 8.602999999999999536e-01
3.599324358534254920e-01 8.605000000000000426e-01
3.633489872730488734e-01 8.572999999999999510e-01
3.657878242397797908e-01 8.558999999999999941e-01
3.660544983394581342e-01 8.562999999999999501e-01
3.682482633650123738e-01 8.554000000000000492e-01
3.686903418507693764e-01 8.531999999999999584e-01
3.706672323908150601e-01 8.528000000000000025e-01
3.725815415852357093e-01 8.518999999999999906e-01
3.742817534584327310e-01 8.494000000000000439e-01
3.741462867226211797e-01 8.530999999999999694e-01
3.774445687718301912e-01 8.506000000000000227e-01
3.764006554984939412e-01 8.475000000000000311e-01
3.785714501830777512e-01 8.445000000000000284e-01
3.790833613554905335e-01 8.436000000000000165e-01
3.783589811741159270e-01 8.443000000000000504e-01
3.808249677282095624e-01 8.428999999999999826e-01
3.819389281688337356e-01 8.434000000000000385e-01
3.833092667689987909e-01 8.381999999999999451e-01
3.832374906436376016e-01 8.373000000000000442e-01
3.873998416203447426e-01 8.364000000000000323e-01
3.895095912417864126e-01 8.349999999999999645e-01
3.907027717076975160e-01 8.370999999999999552e-01
3.922107914599528011e-01 8.346999999999999975e-01
3.934537850219436694e-01 8.338999999999999746e-01
3.937791233156334170e-01 8.353000000000000425e-01
3.919171985094612176e-01 8.366999999999999993e-01
3.911477227938946477e-01 8.346999999999999975e-01
3.918337750490886173e-01 8.358999999999999764e-01
3.952701450176607789e-01 8.326000000000000068e-01
3.954952702079110871e-01 8.322000000000000508e-01
3.980317820537209172e-01 8.330999999999999517e-01
4.006052462642392120e-01 8.275000000000000133e-01
4.032052762117420142e-01 8.246999999999999886e-01
4.058190074018861448e-01 8.249999999999999556e-01
4.081679681564479578e-01 8.198999999999999622e-01
4.088869585061371548e-01 8.176999999999999824e-01
4.095763719257402569e-01 8.169999999999999485e-01
4.080593599449235942e-01 8.181000000000000494e-01
4.110656714614843721e-01 8.166999999999999815e-01
4.098562965797507007e-01 8.175999999999999934e-01
4.124970862633919877e-01 8.115999999999999881e-01
4.151719934309533455e-01 8.102000000000000313e-01
4.158403551693179989e-01 8.050000000000000488e-01
4.138697036452362865e-01 8.067999999999999616e-01
4.164041256428914761e-01 8.053000000000000158e-01
4.218067027912941747e-01 7.981000000000000316e-01
4.248032583817008545e-01 7.971000000000000307e-01
4.231366195325294011e-01 7.987999999999999545e-01
4.298327061294177076e-01 7.930000000000000382e-01
4.335871193172675664e-01 7.882000000000000117e-01
4.365308113678644797e-01 7.834999999999999742e-01
4.402672252741416936e-01 7.815999999999999615e-01
4.470378347930987761e-01 7.734999999999999654e-01
4.515713922443643225e-01 7.653999999999999693e-01
4.609006830203389860e-01 7.538000000000000256e-01
4.640628736925760944e-01 7.513999999999999568e-01
4.655963837034666764e-01 7.479999999999999982e-01
4.670141631287734740e-01 7.461999999999999744e-01
4.653324232921346448e-01 7.504999999999999449e-01
4.700304176649645616e-01 7.439999999999999947e-01
4.684363899881289206e-01 7.482999999999999652e-01
4.685799003649193661e-01 7.489999999999999991e-01
4.762431999168620922e-01 7.429999999999999938e-01
4.803399005566278968e-01 7.369999999999999885e-01
4.824071894878782518e-01 7.306000000000000272e-01
4.816886506138441382e-01 7.334000000000000519e-01
4.916102318214317091e-01 7.262999999999999456e-01
4.982570673133048245e-01 7.167999999999999927e-01
4.996644143480822309e-01 7.134000000000000341e-01
5.006562816981837694e-01 7.119999999999999662e-01
5.050735711650699011e-01 7.096000000000000085e-01
5.071249472785195334e-01 7.050999999999999490e-01
5.130652555503266710e-01 7.023000000000000353e-01
5.229371926434573936e-01 6.885000000000000009e-01
5.239226312176621381e-01 6.902000000000000357e-01
5.265600445527648388e-01 6.840000000000000524e-01
5.282213913491340396e-01 6.817999999999999616e-01
5.373594561156878058e-01 6.775999999999999801e-01
5.456148777509480796e-01 6.687999999999999501e-01
5.482191159352233223e-01 6.659000000000000474e-01
5.505591602057939848e-01 6.631000000000000227e-01
5.572551060200615636e-01 6.565999999999999615e-01
5.462165621457762965e-01 6.707999999999999519e-01
5.484072960902688365e-01 6.690000000000000391e-01
5.423836007793806369e-01 6.780000000000000471e-01
5.425919082812924454e-01 6.813000000000000167e-01
5.502924844783497749e-01 6.693000000000000060e-01
5.628139577458135534e-01 6.604999999999999760e-01
5.622992696881805585e-01 6.636999999999999567e-01
5.682881637123691210e-01 6.509000000000000341e-01
5.711058741042932541e-01 6.494999999999999662e-01
5.735488800274753940e-01 6.443999999999999728e-01
5.754603537876094022e-01 6.462999999999999856e-01
5.871470091699747540e-01 6.316000000000000503e-01
5.816906543959882159e-01 6.356000000000000538e-01
5.781493167637742348e-01 6.411000000000000032e-01
5.821492657113520597e-01 6.349000000000000199e-01
5.846690206109158572e-01 6.322999999999999732e-01
5.778510854140599395e-01 6.412999999999999812e-01
5.835079010476023065e-01 6.319000000000000172e-01
5.980130807761818712e-01 6.178000000000000158e-01
6.065010715910534866e-01 6.045000000000000373e-01
6.075141868531256373e-01 6.006000000000000227e-01
6.013288238475642533e-01 6.108000000000000096e-01
6.118461891556755683e-01 5.961999999999999522e-01
6.182695852701052264e-01 5.857999999999999874e-01
6.271691483224606234e-01 5.746999999999999886e-01
6.245091519471930308e-01 5.658999999999999586e-01
6.215984746833441710e-01 5.718999999999999639e-01
6.168479950494124564e-01 5.784000000000000252e-01
6.417678049492527848e-01 5.506999999999999673e-01
6.532157098916876459e-01 5.356999999999999540e-01
6.584615280133083726e-01 5.311000000000000165e-01
6.606755516399984707e-01 5.306999999999999496e-01
6.697264078263501785e-01 5.230000000000000204e-01
6.756227959457150600e-01 5.208000000000000407e-01
6.979249254202263275e-01 4.879000000000000004e-01
7.053766162438220855e-01 4.739999999999999769e-01
6.913455418464439228e-01 4.894000000000000017e-01
6.853081371179226000e-01 4.964000000000000079e-01
6.876634615185024391e-01 4.930999999999999828e-01
6.925469932148002883e-01 4.850999999999999757e-01
7.079562470942706298e-01 4.648999999999999799e-01
7.097725408696402560e-01 4.660000000000000253e-01
6.988562612811041186e-01 4.815999999999999726e-01
7.024890917093788989e-01 4.758999999999999897e-01
7.005643597059689753e-01 4.787000000000000144e-01
6.979827319976814604e-01 4.862000000000000210e-01
7.169788130166699913e-01 4.666000000000000147e-01
7.212084356950406727e-01 4.606000000000000094e-01
7.221811614844613203e-01 4.613999999999999768e-01
7.099330021466360163e-01 4.716000000000000192e-01
7.203717624511134510e-01 4.598999999999999755e-01
6.987352899926854155e-01 4.864999999999999880e-01
7.175788818114591239e-01 4.637000000000000011e-01
7.196739936074362243e-01 4.570000000000000173e-01
7.362597059094579954e-01 4.466999999999999860e-01
7.505944573338427794e-01 4.279000000000000026e-01
7.495374872455963233e-01 4.292000000000000259e-01
7.625805645922109077e-01 4.091000000000000192e-01
7.635134409163801816e-01 4.112000000000000099e-01
7.761978333374116579e-01 4.046000000000000152e-01
7.737817502772790235e-01 4.041000000000000147e-01
7.827426888417642337e-01 3.941000000000000059e-01
7.924333534509166999e-01 3.815000000000000058e-01
7.965482193863542282e-01 3.775000000000000022e-01
7.974143822570156637e-01 3.739999999999999991e-01
7.952549707228704357e-01 3.694000000000000061e-01
7.949918259685849753e-01 3.733000000000000207e-01
7.729074793371633056e-01 3.968999999999999750e-01
7.806061636895118561e-01 3.871999999999999886e-01
7.916466453544515058e-01 3.761999999999999789e-01
7.875597800287132966e-01 3.684999999999999942e-01
7.959796057081730547e-01 3.654000000000000026e-01
8.064831816889750371e-01 3.607000000000000206e-01
8.264098551295208095e-01 3.426000000000000156e-01
8.461868246709800534e-01 3.251000000000000001e-01
8.247967735712828929e-01 3.412999999999999923e-01
8.299759153251942134e-01 3.376000000000000112e-01
8.406415341880512093e-01 3.326000000000000068e-01
8.248273277158341132e-01 3.422000000000000042e-01
8.322107746939092499e-01 3.398999999999999799e-01
8.142798798307772090e-01 3.491000000000000214e-01
8.231995834872747331e-01 3.373999999999999777e-01
-1.000000000000000000e+00 -1.000000000000000000e+00
-1.000000000000000000e+00 -1.000000000000000000e+00
-1.000000000000000000e+00 -1.000000000000000000e+00
-1.000000000000000000e+00 -1.000000000000000000e+00
-1.000000000000000000e+00 -1.000000000000000000e+00
-1.000000000000000000e+00 -1.000000000000000000e+00
-1.000000000000000000e+00 -1.000000000000000000e+00
-1.000000000000000000e+00 -1.000000000000000000e+00
-1.000000000000000000e+00 -1.000000000000000000e+00
-1.000000000000000000e+00 -1.000000000000000000e+00
-1.000000000000000000e+00 -1.000000000000000000e+00
-1.000000000000000000e+00 -1.000000000000000000e+00
-1.000000000000000000e+00 -1.000000000000000000e+00
-1.000000000000000000e+00 -1.000000000000000000e+00
-1.000000000000000000e+00 -1.000000000000000000e+00
-1.000000000000000000e+00 -1.000000000000000000e+00
-1.000000000000000000e+00 -1.000000000000000000e+00
-1.000000000000000000e+00 -1.000000000000000000e+00
-1.000000000000000000e+00 -1.000000000000000000e+00
-1.000000000000000000e+00 -1.000000000000000000e+00
-1.000000000000000000e+00 -1.000000000000000000e+00
-1.000000000000000000e+00 -1.000000000000000000e+00
-1.000000000000000000e+00 -1.000000000000000000e+00
-1.000000000000000000e+00 -1.000000000000000000e+00
-1.000000000000000000e+00 -1.000000000000000000e+00
-1.000000000000000000e+00 -1.000000000000000000e+00
-1.000000000000000000e+00 -1.000000000000000000e+00
-1.000000000000000000e+00 -1.000000000000000000e+00
-1.000000000000000000e+00 -1.000000000000000000e+00
-1.000000000000000000e+00 -1.000000000000000000e+00
-1.000000000000000000e+00 -1.000000000000000000e+00
-1.000000000000000000e+00 -1.000000000000000000e+00
-1.000000000000000000e+00 -1.000000000000000000e+00
-1.000000000000000000e+00 -1.000000000000000000e+00
-1.000000000000000000e+00 -1.000000000000000000e+00
-1.000000000000000000e+00 -1.000000000000000000e+00
-1.000000000000000000e+00 -1.000000000000000000e+00
-1.000000000000000000e+00 -1.000000000000000000e+00
-1.000000000000000000e+00 -1.000000000000000000e+00
-1.000000000000000000e+00 -1.000000000000000000e+00
-1.000000000000000000e+00 -1.000000000000000000e+00
-1.000000000000000000e+00 -1.000000000000000000e+00
-1.000000000000000000e+00 -1.000000000000000000e+00
-1.000000000000000000e+00 -1.000000000000000000e+00
-1.000000000000000000e+00 -1.000000000000000000e+00
-1.000000000000000000e+00 -1.000000000000000000e+00
-1.000000000000000000e+00 -1.000000000000000000e+00
-1.000000000000000000e+00 -1.000000000000000000e+00
-1.000000000000000000e+00 -1.000000000000000000e+00
-1.000000000000000000e+00 -1.000000000000000000e+00
-1.000000000000000000e+00 -1.000000000000000000e+00
-1.000000000000000000e+00 -1.000000000000000000e+00
-1.000000000000000000e+00 -1.000000000000000000e+00
-1.000000000000000000e+00 -1.000000000000000000e+00
