9.941662083588156951e-02 9.528999999999999693e-01
9.941683352993244127e-02 9.528999999999999693e-01
9.941698049403341342e-02 9.528999999999999693e-01
9.941738303751043726e-02 9.528999999999999693e-01
9.941765427779199193e-02 9.528999999999999693e-01
9.941724686671836453e-02 9.527999999999999803e-01
9.941856186955415342e-02 9.527999999999999803e-01
9.941890091224191150e-02 9.526999999999999913e-01
9.941724447352755234e-02 9.526000000000000023e-01
9.941497570605513368e-02 9.526000000000000023e-01
9.941892521872609800e-02 9.526000000000000023e-01
9.942449658950325286e-02 9.526999999999999913e-01
9.942721287793926388e-02 9.527999999999999803e-01
9.943260829085964758e-02 9.526000000000000023e-01
9.943586716820664029e-02 9.526000000000000023e-01
9.944602794183586558e-02 9.526999999999999913e-01
9.945435892642079390e-02 9.527999999999999803e-01
9.944388870879514175e-02 9.526999999999999913e-01
9.944905980684727587e-02 9.526999999999999913e-01
9.943563376022075684e-02 9.526999999999999913e-01
9.944785115574149292e-02 9.526000000000000023e-01
9.946389040261294223e-02 9.526999999999999913e-01
9.945725988996192979e-02 9.526000000000000023e-01
9.944532315927739896e-02 9.526000000000000023e-01
9.945600919997245326e-02 9.526000000000000023e-01
9.946637041858827355e-02 9.526999999999999913e-01
9.947012335534652361e-02 9.528999999999999693e-01
9.947378740014796439e-02 9.528999999999999693e-01
9.950036331565995096e-02 9.525000000000000133e-01
9.952156710490123182e-02 9.526999999999999913e-01
9.950922173319912134e-02 9.526999999999999913e-01
9.950442259157887825e-02 9.526999999999999913e-01
9.950643003652544227e-02 9.526999999999999913e-01
9.951399594829865580e-02 9.526000000000000023e-01
9.953161591263910701e-02 9.525000000000000133e-01
9.954716549613645826e-02 9.524000000000000243e-01
9.954959024490396546e-02 9.526000000000000023e-01
9.957458911710494187e-02 9.524000000000000243e-01
9.958084799357021233e-02 9.524000000000000243e-01
9.957161029389090257e-02 9.525000000000000133e-01
9.956271607368161192e-02 9.526000000000000023e-01
9.955584749263322875e-02 9.525000000000000133e-01
9.956411145041672850e-02 9.525000000000000133e-01
9.955919881403024752e-02 9.525000000000000133e-01
9.958687561212029027e-02 9.520999999999999464e-01
9.958129412147659343e-02 9.525000000000000133e-01
9.958166472559511206e-02 9.523000000000000353e-01
9.952669846588201030e-02 9.524000000000000243e-01
9.955656056944332810e-02 9.519999999999999574e-01
9.956063318582265842e-02 9.524000000000000243e-01
9.952815887917471072e-02 9.522000000000000464e-01
9.957161383015504519e-02 9.524000000000000243e-01
9.959770992013607105e-02 9.525000000000000133e-01
9.964295663398803349e-02 9.526000000000000023e-01
9.966417919142595006e-02 9.523000000000000353e-01
9.971709350567958818e-02 9.525000000000000133e-01
9.974026964083683444e-02 9.524000000000000243e-01
9.977431175774914562e-02 9.526000000000000023e-01
9.982177502780922862e-02 9.523000000000000353e-01
9.982962121398263056e-02 9.526000000000000023e-01
9.990373604273042329e-02 9.526999999999999913e-01
9.991442811783773914e-02 9.526999999999999913e-01
1.000195291416959842e-01 9.527999999999999803e-01
1.000633189140991558e-01 9.527999999999999803e-01
1.001135644679720382e-01 9.529999999999999583e-01
1.001693249701579164e-01 9.526000000000000023e-01
1.002908736418898772e-01 9.526999999999999913e-01
1.003211771708371614e-01 9.522000000000000464e-01
1.002950732818612689e-01 9.523000000000000353e-01
1.003297324858279799e-01 9.524000000000000243e-01
1.003532003463016020e-01 9.523000000000000353e-01
1.003576812658663747e-01 9.522000000000000464e-01
1.004060583491376279e-01 9.524000000000000243e-01
1.003651352982762035e-01 9.527999999999999803e-01
1.004237259964611689e-01 9.526000000000000023e-01
1.004884657337359044e-01 9.526000000000000023e-01
1.005509975400949024e-01 9.526000000000000023e-01
1.005841521310701231e-01 9.524000000000000243e-01
1.006207193347122553e-01 9.529999999999999583e-01
1.006026680270794699e-01 9.530999999999999472e-01
1.006870718234441908e-01 9.534000000000000252e-01
1.006943434658581771e-01 9.530999999999999472e-01
1.006833548973573439e-01 9.529999999999999583e-01
1.007664626452934170e-01 9.526000000000000023e-01
1.007934750083536585e-01 9.527999999999999803e-01
1.007802205513450844e-01 9.526999999999999913e-01
1.007817544125806652e-01 9.524000000000000243e-01
1.007724017756315149e-01 9.526000000000000023e-01
1.008051007325493353e-01 9.524000000000000243e-01
1.009276818915382790e-01 9.520999999999999464e-01
1.010640614242474117e-01 9.518999999999999684e-01
1.011545493891902320e-01 9.520999999999999464e-01
1.012117641396587386e-01 9.517999999999999794e-01
1.011314733731351612e-01 9.519999999999999574e-01
1.012403518898611354e-01 9.525000000000000133e-01
1.012811826963560813e-01 9.522000000000000464e-01
1.014093250951056679e-01 9.526000000000000023e-01
1.014768138484828802e-01 9.527999999999999803e-01
1.014544133592925335e-01 9.525000000000000133e-01
1.014567259977346425e-01 9.527999999999999803e-01
1.015229233835720085e-01 9.523000000000000353e-01
1.016259546189868107e-01 9.524000000000000243e-01
1.016544357685105759e-01 9.526999999999999913e-01
1.018552205970249536e-01 9.522000000000000464e-01
1.018330048686436340e-01 9.525000000000000133e-01
1.017928214886689442e-01 9.516999999999999904e-01
1.018081475796972640e-01 9.519999999999999574e-01
1.017993993726462459e-01 9.522000000000000464e-01
1.018539478081120775e-01 9.517999999999999794e-01
1.019636610127247767e-01 9.522000000000000464e-01
1.019892867272283593e-01 9.517999999999999794e-01
1.019610896843162889e-01 9.516999999999999904e-01
1.021385848895159237e-01 9.518999999999999684e-01
1.020986510321846424e-01 9.517999999999999794e-01
1.021596569947543776e-01 9.518999999999999684e-01
1.022426035370064684e-01 9.518999999999999684e-01
1.022250300353017005e-01 9.518999999999999684e-01
1.023760468415339797e-01 9.518999999999999684e-01
1.025308384129655914e-01 9.522000000000000464e-01
1.025521480909119404e-01 9.516000000000000014e-01
1.025624029297769607e-01 9.515000000000000124e-01
1.026464115488055079e-01 9.515000000000000124e-01
1.026320335600437866e-01 9.518999999999999684e-01
1.025652919933621871e-01 9.514000000000000234e-01
1.026098074492459572e-01 9.514000000000000234e-01
1.024866790640983211e-01 9.513000000000000345e-01
1.026143553795337698e-01 9.512000000000000455e-01
1.027576148601384853e-01 9.516000000000000014e-01
1.028443476443962751e-01 9.512000000000000455e-01
1.028371587110903651e-01 9.516999999999999904e-01
1.030798581618322246e-01 9.513000000000000345e-01
1.032324700583371335e-01 9.508999999999999675e-01
1.034663524859259498e-01 9.503000000000000336e-01
1.033704683785502815e-01 9.512000000000000455e-01
1.036387558087411703e-01 9.509999999999999565e-01
1.036120822392668922e-01 9.506999999999999895e-01
1.036821154985833049e-01 9.515000000000000124e-01
1.036472181330976156e-01 9.519999999999999574e-01
1.036187641347232347e-01 9.517999999999999794e-01
1.038639283771810168e-01 9.517999999999999794e-01
1.039226096369150754e-01 9.513000000000000345e-01
1.040244579646853740e-01 9.516000000000000014e-01
1.039317965243380937e-01 9.515000000000000124e-01
1.039529540718051315e-01 9.509999999999999565e-01
1.039028471437881962e-01 9.510999999999999455e-01
1.039293569404318024e-01 9.514000000000000234e-01
1.042472629013236896e-01 9.519999999999999574e-01
1.043324555205318999e-01 9.517999999999999794e-01
1.043855950882519867e-01 9.506000000000000005e-01
1.045460255426328977e-01 9.512000000000000455e-01
1.046876926061222485e-01 9.516000000000000014e-01
1.048241657680842320e-01 9.509999999999999565e-01
1.049778883382743305e-01 9.506999999999999895e-01
1.051310853716745375e-01 9.506000000000000005e-01
1.052642313540607111e-01 9.506000000000000005e-01
1.054556578071745160e-01 9.507999999999999785e-01
1.056339208377799904e-01 9.503000000000000336e-01
1.059144426303122583e-01 9.497999999999999776e-01
1.060979638061629038e-01 9.492000000000000437e-01
1.064448954428128397e-01 9.491000000000000547e-01
1.064835671597857691e-01 9.486999999999999877e-01
1.067160094807523135e-01 9.485000000000000098e-01
1.068892732069880169e-01 9.491000000000000547e-01
1.070048559047045433e-01 9.498999999999999666e-01
1.071259903554836884e-01 9.496999999999999886e-01
1.071793693794634295e-01 9.495000000000000107e-01
1.072246344060050205e-01 9.503000000000000336e-01
1.074931072748240013e-01 9.503000000000000336e-01
1.073693830890537632e-01 9.509999999999999565e-01
1.075022577181692224e-01 9.506999999999999895e-01
1.076043638622563581e-01 9.506999999999999895e-01
1.078129526283723855e-01 9.504000000000000226e-01
1.080257936809149860e-01 9.499999999999999556e-01
1.079775069867939530e-01 9.498999999999999666e-01
1.081261436427567585e-01 9.496999999999999886e-01
1.081451199750606690e-01 9.495999999999999996e-01
1.081876948277106926e-01 9.494000000000000217e-01
1.083267147087981636e-01 9.491000000000000547e-01
1.084427211838834421e-01 9.489999999999999547e-01
1.087991438777816677e-01 9.486999999999999877e-01
1.090726944944103993e-01 9.489999999999999547e-01
1.092302680378030300e-01 9.494000000000000217e-01
1.093161476934799564e-01 9.493000000000000327e-01
1.091616735367783864e-01 9.488999999999999657e-01
1.096020608832743159e-01 9.493000000000000327e-01
1.097838338448261924e-01 9.495999999999999996e-01
1.099228926368965853e-01 9.496999999999999886e-01
1.097520387604341563e-01 9.494000000000000217e-01
1.097148741250869725e-01 9.496999999999999886e-01
1.097227179593017743e-01 9.495999999999999996e-01
1.098363743300434375e-01 9.495000000000000107e-01
1.102314058911185446e-01 9.487999999999999767e-01
1.103147105708792708e-01 9.492000000000000437e-01
1.105528726492603642e-01 9.476999999999999869e-01
1.107371542667729553e-01 9.482000000000000428e-01
1.109771393872718420e-01 9.483000000000000318e-01
1.114034055492650610e-01 9.481000000000000538e-01
1.118185574279268180e-01 9.475000000000000089e-01
1.118937097230135180e-01 9.471000000000000529e-01
1.119183404699402029e-01 9.474000000000000199e-01
1.125653555215902490e-01 9.471000000000000529e-01
1.129565290284025025e-01 9.482000000000000428e-01
1.136673671871527153e-01 9.475000000000000089e-01
1.140678341968566489e-01 9.478999999999999648e-01
1.147005595578198811e-01 9.471000000000000529e-01
1.146455930866303319e-01 9.477999999999999758e-01
1.145685695119225134e-01 9.466999999999999860e-01
1.144678814009939677e-01 9.473000000000000309e-01
1.150813293203415272e-01 9.473000000000000309e-01
1.156269426255143312e-01 9.467999999999999750e-01
1.155175660269427279e-01 9.475999999999999979e-01
1.163063416986452464e-01 9.478999999999999648e-01
1.160799856521802509e-01 9.475999999999999979e-01
1.161815389226294876e-01 9.471000000000000529e-01
1.162259677596316626e-01 9.471000000000000529e-01
1.169116823538906558e-01 9.459999999999999520e-01
1.164968699380227457e-01 9.472000000000000419e-01
1.163642967207320217e-01 9.468999999999999639e-01
1.169049962350507538e-01 9.471000000000000529e-01
1.171518232642984880e-01 9.469999999999999529e-01
1.171836310664059744e-01 9.469999999999999529e-01
1.175110786315413658e-01 9.471000000000000529e-01
1.179367727334679344e-01 9.464000000000000190e-01
1.180192433112467604e-01 9.456999999999999851e-01
1.185430714521647083e-01 9.466999999999999860e-01
1.191831444323741829e-01 9.469999999999999529e-01
1.193548871622879398e-01 9.465000000000000080e-01
1.203130726310997767e-01 9.455000000000000071e-01
1.205105730915520951e-01 9.467999999999999750e-01
1.211824027538403042e-01 9.459999999999999520e-01
1.225031224914640421e-01 9.447999999999999732e-01
1.226867944735300364e-01 9.445000000000000062e-01
1.228479795856057821e-01 9.446999999999999842e-01
1.233259890992743496e-01 9.453000000000000291e-01
1.233687341944533916e-01 9.446999999999999842e-01
1.231735436201732703e-01 9.446999999999999842e-01
1.238903866804003245e-01 9.443000000000000282e-01
1.243794411337907635e-01 9.438999999999999613e-01
1.249799809856566718e-01 9.441000000000000503e-01
1.251133386722831642e-01 9.445000000000000062e-01
1.248016176380126324e-01 9.437999999999999723e-01
1.260775841239155926e-01 9.429999999999999494e-01
1.264547933400322621e-01 9.427999999999999714e-01
1.268718806063213744e-01 9.428999999999999604e-01
1.263888819728489488e-01 9.425999999999999934e-01
1.268147701207000544e-01 9.423000000000000265e-01
1.272538563859971494e-01 9.421000000000000485e-01
1.280674145426470567e-01 9.413000000000000256e-01
1.293464408429886858e-01 9.409999999999999476e-01
1.296715164926050545e-01 9.405999999999999917e-01
1.300868396514754111e-01 9.405000000000000027e-01
1.311714223279561997e-01 9.408999999999999586e-01
1.323219750089900393e-01 9.394000000000000128e-01
1.322554190567915289e-01 9.397999999999999687e-01
1.333143657839718499e-01 9.403000000000000247e-01
1.331931326765198320e-01 9.395999999999999908e-01
1.327107209994470571e-01 9.401000000000000467e-01
1.327304508015748064e-01 9.401000000000000467e-01
1.325581175539084500e-01 9.405999999999999917e-01
1.329293024091966480e-01 9.409999999999999476e-01
1.336283410691515017e-01 9.397999999999999687e-01
1.343051959768124526e-01 9.403000000000000247e-01
1.355731114279113136e-01 9.401000000000000467e-01
1.355416300366564242e-01 9.395999999999999908e-01
1.357476916998460736e-01 9.394000000000000128e-01
1.362939953846827867e-01 9.389999999999999458e-01
1.366855203163984123e-01 9.385000000000000009e-01
1.370745392004619478e-01 9.387999999999999678e-01
1.382520104463789423e-01 9.373000000000000220e-01
1.401634717324069801e-01 9.368999999999999551e-01
1.405260097118123941e-01 9.362000000000000322e-01
1.417205833381886271e-01 9.371000000000000441e-01
1.419656701721350167e-01 9.374000000000000110e-01
1.436733855088697109e-01 9.362000000000000322e-01
1.439342724374520488e-01 9.347999999999999643e-01
1.448826055300444782e-01 9.348999999999999533e-01
1.458095989127399517e-01 9.340000000000000524e-01
1.470445271224157802e-01 9.333000000000000185e-01
1.493480021888579645e-01 9.325999999999999845e-01
1.477195092200482840e-01 9.336999999999999744e-01
1.489781663481130058e-01 9.324000000000000066e-01
1.497492104164596660e-01 9.326999999999999735e-01
1.505072784011182718e-01 9.321000000000000396e-01
1.519825883154165835e-01 9.305999999999999828e-01
1.541148143401469828e-01 9.284000000000000030e-01
1.558656446286413311e-01 9.267999999999999572e-01
1.557619722987985400e-01 9.268999999999999462e-01
1.575675394231239035e-01 9.275999999999999801e-01
1.580650844367274821e-01 9.290000000000000480e-01
1.608524103885493883e-01 9.276999999999999691e-01
1.628029551687221188e-01 9.263000000000000123e-01
1.632283208939181440e-01 9.265999999999999792e-01
1.638607643485994192e-01 9.264000000000000012e-01
1.638994138468423123e-01 9.256999999999999673e-01
1.657180597068145800e-01 9.251000000000000334e-01
1.678016283263742137e-01 9.232000000000000206e-01
1.677188482134447101e-01 9.246999999999999664e-01
1.695850305828043580e-01 9.247999999999999554e-01
1.687210104641375663e-01 9.258999999999999453e-01
1.675802958590138780e-01 9.260000000000000453e-01
1.687104841812006317e-01 9.262000000000000233e-01
1.715734713369545528e-01 9.250000000000000444e-01
1.722276362700285168e-01 9.249000000000000554e-01
1.729922874425309787e-01 9.249000000000000554e-01
1.757914165791626959e-01 9.226999999999999647e-01
1.762804847181954904e-01 9.229000000000000536e-01
1.769141365134512534e-01 9.223999999999999977e-01
1.774729259959821892e-01 9.221000000000000307e-01
1.768900384020832828e-01 9.223000000000000087e-01
1.768115429694190888e-01 9.219000000000000528e-01
1.770562632325662356e-01 9.215999999999999748e-01
1.774799831171019193e-01 9.212000000000000188e-01
1.779183833324226305e-01 9.210000000000000409e-01
1.796326761839462383e-01 9.199000000000000510e-01
1.814445733064130872e-01 9.200000000000000400e-01
1.820037623854076081e-01 9.185999999999999721e-01
1.828508842407163271e-01 9.185999999999999721e-01
1.821911072409443388e-01 9.186999999999999611e-01
1.833585142608018248e-01 9.173999999999999932e-01
1.847136404905002915e-01 9.169000000000000483e-01
1.867631391059753343e-01 9.162000000000000144e-01
2.111435150388419058e-01 9.076999999999999513e-01
2.123854977647886277e-01 9.071000000000000174e-01
2.119829011450109213e-01 9.079000000000000403e-01
2.119281916808993527e-01 9.075999999999999623e-01
2.120451407991860715e-01 9.086999999999999522e-01
2.120333270940813197e-01 9.086999999999999522e-01
2.120399320409679655e-01 9.085999999999999632e-01
2.121981063283259195e-01 9.084999999999999742e-01
2.124297689425332092e-01 9.085999999999999632e-01
2.123152802209611889e-01 9.082999999999999963e-01
2.155713238898862572e-01 9.063999999999999835e-01
2.211834795433849088e-01 9.022000000000000020e-01
2.193095386829247706e-01 9.033999999999999808e-01
2.180689785765531352e-01 9.033999999999999808e-01
2.181437151357438764e-01 9.026999999999999469e-01
2.190441748631627439e-01 9.028000000000000469e-01
2.196970893953854587e-01 9.012999999999999901e-01
2.207773766933310566e-01 8.999000000000000332e-01
2.223040784552793858e-01 8.981000000000000094e-01
2.232647327538540560e-01 8.977000000000000535e-01
2.325264141426583164e-01 8.904999999999999583e-01
2.334313446015436611e-01 8.890000000000000124e-01
2.434865805223819790e-01 8.804999999999999494e-01
2.434915371763961001e-01 8.802999999999999714e-01
2.436102978361783244e-01 8.826000000000000512e-01
2.461829390614396207e-01 8.813999999999999613e-01
2.471156955696031665e-01 8.797000000000000375e-01
2.457090147330005525e-01 8.817000000000000393e-01
2.503739163883422214e-01 8.778000000000000247e-01
2.552144137040911476e-01 8.747000000000000330e-01
2.509627019674123272e-01 8.773999999999999577e-01
2.561453284669257258e-01 8.741999999999999771e-01
2.578824072591314742e-01 8.720999999999999863e-01
2.573893251067670973e-01 8.718000000000000194e-01
2.640184724434605501e-01 8.662999999999999590e-01
2.689380047481955693e-01 8.626000000000000334e-01
2.763687777727537598e-01 8.541999999999999593e-01
2.846787911362153034e-01 8.480999999999999650e-01
2.885746788679948160e-01 8.425000000000000266e-01
2.896374726622449880e-01 8.410999999999999588e-01
2.915861017317194492e-01 8.398999999999999799e-01
2.949596227328786235e-01 8.377999999999999892e-01
2.959910445102819643e-01 8.386000000000000121e-01
2.956350175333383179e-01 8.389999999999999680e-01
3.010855859619587793e-01 8.352000000000000535e-01
3.034742074416719726e-01 8.325000000000000178e-01
3.032269655478741499e-01 8.285000000000000142e-01
3.149718661619654858e-01 8.188999999999999613e-01
3.194757983947402180e-01 8.144000000000000128e-01
3.281881343917122940e-01 8.043000000000000149e-01
3.411173049104902488e-01 7.980000000000000426e-01
3.297125186062128677e-01 8.168999999999999595e-01
3.360277375645133180e-01 8.148999999999999577e-01
3.447522261047927250e-01 8.114000000000000101e-01
3.505205533916397331e-01 8.060000000000000497e-01
3.690788974016800950e-01 7.920000000000000373e-01
3.811068107427356133e-01 7.790000000000000258e-01
3.830660715017957241e-01 7.794999999999999707e-01
3.895773122142238143e-01 7.749000000000000332e-01
3.929026666874059215e-01 7.722999999999999865e-01
3.976614943318101947e-01 7.687000000000000499e-01
4.009956227974212917e-01 7.658000000000000362e-01
4.016405881941365608e-01 7.661999999999999922e-01
4.082331374154573034e-01 7.561999999999999833e-01
4.309194516060790847e-01 7.286000000000000254e-01
4.455704503653640791e-01 7.230999999999999650e-01
4.477252862558098179e-01 7.203000000000000513e-01
4.480795281631614890e-01 7.196000000000000174e-01
4.476807222637809724e-01 7.203000000000000513e-01
4.600029383098792057e-01 7.066999999999999948e-01
4.626165542791180196e-01 7.054000000000000270e-01
4.641210307294587611e-01 7.036000000000000032e-01
4.639557093829486112e-01 7.078999999999999737e-01
4.687656877515490872e-01 7.028999999999999693e-01
4.708379029822030160e-01 7.019999999999999574e-01
4.800865048148652003e-01 6.906999999999999806e-01
4.814231077539435355e-01 6.883000000000000229e-01
4.986715586637332498e-01 6.683000000000000052e-01
5.741309940985929172e-01 5.900999999999999579e-01
6.088555495016113595e-01 5.577999999999999625e-01
6.088547246602477037e-01 5.577999999999999625e-01
6.088332530429992895e-01 5.577999999999999625e-01
6.088118107075337626e-01 5.577999999999999625e-01
6.087884060207066073e-01 5.576999999999999735e-01
6.094672567340317926e-01 5.571000000000000396e-01
6.094964247599579110e-01 5.573000000000000176e-01
6.095296249621752205e-01 5.573000000000000176e-01
6.095379232476737519e-01 5.572000000000000286e-01
6.095375829488771657e-01 5.572000000000000286e-01
6.095375588299124514e-01 5.572000000000000286e-01
6.095375588299124514e-01 5.572000000000000286e-01
6.095379250844816799e-01 5.572000000000000286e-01
6.095349925360635801e-01 5.572000000000000286e-01
6.095351475361951987e-01 5.572000000000000286e-01
6.095351475361951987e-01 5.572000000000000286e-01
6.106279298687999901e-01 5.561000000000000387e-01
6.144128568290055936e-01 5.517999999999999572e-01
6.146818092473791406e-01 5.518999999999999462e-01
6.147641468856038793e-01 5.517999999999999572e-01
6.143675632152015842e-01 5.530000000000000471e-01
6.142060752674622925e-01 5.532000000000000250e-01
6.275379386272672555e-01 5.423999999999999932e-01
6.240750577829601298e-01 5.482000000000000206e-01
6.227716480832392598e-01 5.493000000000000105e-01
6.227727722490822293e-01 5.492000000000000215e-01
6.232512900354743035e-01 5.491000000000000325e-01
6.232600585222555223e-01 5.489000000000000545e-01
6.252882903336207665e-01 5.486999999999999655e-01
6.253730245951817368e-01 5.483000000000000096e-01
6.256419816255550659e-01 5.480000000000000426e-01
6.305761777574315774e-01 5.443999999999999950e-01
6.290741684059600880e-01 5.456999999999999629e-01
6.286594455507014123e-01 5.466999999999999638e-01
6.151425058555793912e-01 5.627999999999999670e-01
6.170909930285415346e-01 5.584000000000000075e-01
6.317138189365809620e-01 5.503000000000000114e-01
6.351710266342102118e-01 5.446999999999999620e-01
6.315199469402886789e-01 5.444999999999999840e-01
6.172208844210327339e-01 5.604000000000000092e-01
6.225188840951597635e-01 5.493000000000000105e-01
6.174620035486670933e-01 5.564999999999999947e-01
6.311311049120698069e-01 5.366999999999999549e-01
6.154497774012025468e-01 5.485999999999999766e-01
6.162170033060878627e-01 5.547999999999999599e-01
6.333568605593270506e-01 5.404999999999999805e-01
6.335303930041685794e-01 5.396999999999999575e-01
6.424532365401079970e-01 5.251000000000000112e-01
6.550833498522607989e-01 5.155999999999999472e-01
6.750906661328828218e-01 4.929000000000000048e-01
6.844156867644113351e-01 4.809999999999999831e-01
7.337305049690823200e-01 4.340999999999999859e-01
7.521757090947192026e-01 4.068999999999999839e-01
7.835445043539364107e-01 3.820999999999999952e-01
7.875860567881867169e-01 3.786999999999999811e-01
7.960032367505848194e-01 3.734999999999999987e-01
8.069504068323307688e-01 3.678000000000000158e-01
8.357140293184265323e-01 3.627000000000000224e-01
8.343869764529717736e-01 3.643000000000000127e-01
8.379384008348977897e-01 3.610999999999999766e-01
8.372554376825762645e-01 3.613999999999999990e-01
8.298936218139087995e-01 3.644000000000000017e-01
8.340945959066750071e-01 3.593000000000000083e-01
8.490337200205886337e-01 3.452000000000000068e-01
8.497944132184167554e-01 3.439999999999999725e-01
8.448049922082746521e-01 3.508999999999999897e-01
8.581875396943486889e-01 3.372999999999999887e-01
8.618819390266888592e-01 3.194000000000000172e-01
8.966706194838190980e-01 3.007000000000000228e-01
9.091494823284324012e-01 2.954999999999999849e-01
9.147447012452688542e-01 2.912000000000000144e-01
9.011081377483216581e-01 2.706000000000000072e-01
9.154901494669038797e-01 2.548000000000000265e-01
9.257435741720292377e-01 2.540999999999999925e-01
9.304164518222957092e-01 2.472999999999999921e-01
9.433633012009960961e-01 2.358999999999999986e-01
9.553566781443980638e-01 2.187000000000000055e-01
9.243199266796764402e-01 2.326000000000000012e-01
9.247921015658258082e-01 2.295000000000000095e-01
9.410095129466562458e-01 2.036999999999999922e-01
9.519683321132419440e-01 1.577999999999999958e-01
9.487892425854351774e-01 1.217000000000000026e-01
9.557508696960181904e-01 1.332000000000000128e-01
9.391884628055404693e-01 1.323999999999999899e-01
9.491934432076042372e-01 1.250000000000000000e-01
9.480870247623813807e-01 1.262999999999999956e-01
9.479958965374076785e-01 1.214999999999999969e-01
9.454678262085770557e-01 1.333999999999999908e-01
9.338878340499131570e-01 1.342000000000000137e-01
9.438572208702382671e-01 1.257999999999999952e-01
9.486711517279707850e-01 1.174000000000000044e-01
9.488122812246164717e-01 1.170999999999999958e-01
9.607356132720534792e-01 1.169000000000000039e-01
1.019568857876538948e+00 9.740000000000000047e-02
1.070338887439109321e+00 8.920000000000000151e-02
1.161435239303143963e+00 8.920000000000000151e-02
1.161435239303143963e+00 8.920000000000000151e-02
1.161435289680317950e+00 8.920000000000000151e-02
1.161435289680317950e+00 8.920000000000000151e-02
1.161435289680317950e+00 8.920000000000000151e-02
1.161435289680317950e+00 8.920000000000000151e-02
1.161435289680317950e+00 8.920000000000000151e-02
1.161435289680317950e+00 8.920000000000000151e-02
1.161435289680317950e+00 8.920000000000000151e-02
1.161435289680317950e+00 8.920000000000000151e-02
1.161435289680317950e+00 8.920000000000000151e-02
1.161435289680317950e+00 8.920000000000000151e-02
1.161435289680317950e+00 8.920000000000000151e-02
1.161435289680317950e+00 8.920000000000000151e-02
1.161435289680317950e+00 8.920000000000000151e-02
1.161435289680317950e+00 8.920000000000000151e-02
1.161435289680317950e+00 8.920000000000000151e-02
1.161435289680317950e+00 8.920000000000000151e-02
1.161435289680317950e+00 8.920000000000000151e-02
1.161435289680317950e+00 8.920000000000000151e-02
1.161435289680317950e+00 8.920000000000000151e-02
1.161435289680317950e+00 8.920000000000000151e-02
1.161435289680317950e+00 8.920000000000000151e-02
1.161435289680317950e+00 8.920000000000000151e-02
1.161435289680317950e+00 8.920000000000000151e-02
1.161435289680317950e+00 8.920000000000000151e-02
1.161435289680317950e+00 8.920000000000000151e-02
1.161435289680317950e+00 8.920000000000000151e-02
1.161435289680317950e+00 8.920000000000000151e-02
1.161435289680317950e+00 8.920000000000000151e-02
1.161435289680317950e+00 8.920000000000000151e-02
1.161435289680317950e+00 8.920000000000000151e-02
1.161435289680317950e+00 8.920000000000000151e-02
1.161435289680317950e+00 8.920000000000000151e-02
1.161435289680317950e+00 8.920000000000000151e-02
1.161435289680317950e+00 8.920000000000000151e-02
1.161435289680317950e+00 8.920000000000000151e-02
1.161435289680317950e+00 8.920000000000000151e-02
