9.941662083588156951e-02 9.528999999999999693e-01
1.157008691233515074e-01 9.508999999999999675e-01
1.157035539372706645e-01 9.508999999999999675e-01
1.157188614256500214e-01 9.509999999999999565e-01
1.157213180073521641e-01 9.507999999999999785e-01
1.157302873682276578e-01 9.508999999999999675e-01
1.157192674198173760e-01 9.510999999999999455e-01
1.157519898315225171e-01 9.506999999999999895e-01
1.158091292861173766e-01 9.506000000000000005e-01
1.158763028606744211e-01 9.506999999999999895e-01
1.158587678262127107e-01 9.507999999999999785e-01
1.159306256607611219e-01 9.505000000000000115e-01
1.160554381896811704e-01 9.503000000000000336e-01
1.162267403350635553e-01 9.498999999999999666e-01
1.163715888698509671e-01 9.499999999999999556e-01
1.165806600886724193e-01 9.497999999999999776e-01
1.168301240248128536e-01 9.504000000000000226e-01
1.170690271522446951e-01 9.500999999999999446e-01
1.174591651223470951e-01 9.498999999999999666e-01
1.178196358079792172e-01 9.506000000000000005e-01
1.182916935689850291e-01 9.503000000000000336e-01
1.188183494503969317e-01 9.506999999999999895e-01
1.189375347280832579e-01 9.503000000000000336e-01
1.197235028695620984e-01 9.503000000000000336e-01
1.199229654855148708e-01 9.488999999999999657e-01
1.210644588918551590e-01 9.484000000000000208e-01
1.218260870231454851e-01 9.481000000000000538e-01
1.222845275049915942e-01 9.473000000000000309e-01
1.235009335949966980e-01 9.467999999999999750e-01
1.248526740876422375e-01 9.456999999999999851e-01
1.261812005192723962e-01 9.464000000000000190e-01
1.264357438753848095e-01 9.451000000000000512e-01
1.279897677203642170e-01 9.457999999999999741e-01
1.308367150033998560e-01 9.441000000000000503e-01
1.335582400315009910e-01 9.451000000000000512e-01
1.340560552694293472e-01 9.445999999999999952e-01
1.357274696256567104e-01 9.437999999999999723e-01
1.386395910545727139e-01 9.415999999999999925e-01
1.438300475040507065e-01 9.415000000000000036e-01
1.511603407034810553e-01 9.376999999999999780e-01
1.566596339654573455e-01 9.358999999999999542e-01
1.627966370978724819e-01 9.342000000000000304e-01
1.706626694269001987e-01 9.296999999999999709e-01
1.763834917037025163e-01 9.292000000000000259e-01
1.830304264859068109e-01 9.283000000000000140e-01
1.990234445227203608e-01 9.250000000000000444e-01
2.180289742200874070e-01 9.179000000000000492e-01
2.421982837879707862e-01 9.112999999999999989e-01
2.553624771758681855e-01 9.125999999999999668e-01
2.707605799620875775e-01 9.069000000000000394e-01
2.979430153850756713e-01 9.012000000000000011e-01
3.416581369157937198e-01 8.849000000000000199e-01
3.617926079939891570e-01 8.580999999999999739e-01
4.027597700902483258e-01 8.315000000000000169e-01
4.296536332484026666e-01 8.278999999999999693e-01
2.841763178013251290e-01 9.104999999999999760e-01
2.841763178013251290e-01 9.104999999999999760e-01
2.841763178013251290e-01 9.104999999999999760e-01
2.841763178013251290e-01 9.104999999999999760e-01
2.841763178013251290e-01 9.104999999999999760e-01
2.841763178013251290e-01 9.104999999999999760e-01
2.841763178013251290e-01 9.104999999999999760e-01
2.841763178013251290e-01 9.104999999999999760e-01
2.841763178013251290e-01 9.104999999999999760e-01
2.841763178013251290e-01 9.104999999999999760e-01
2.841763178013251290e-01 9.104999999999999760e-01
2.841763178013251290e-01 9.104999999999999760e-01
2.841763178013251290e-01 9.104999999999999760e-01
2.841763178013251290e-01 9.104999999999999760e-01
2.841763178013251290e-01 9.104999999999999760e-01
2.841763178013251290e-01 9.104999999999999760e-01
2.841763178013251290e-01 9.104999999999999760e-01
2.841763178013251290e-01 9.104999999999999760e-01
2.841763178013251290e-01 9.104999999999999760e-01
2.841763178013251290e-01 9.104999999999999760e-01
2.841763178013251290e-01 9.104999999999999760e-01
2.841763178013251290e-01 9.104999999999999760e-01
2.841763178013251290e-01 9.104999999999999760e-01
2.841763178013251290e-01 9.104999999999999760e-01
2.841763178013251290e-01 9.104999999999999760e-01
2.841763178013251290e-01 9.104999999999999760e-01
2.841763178013251290e-01 9.104999999999999760e-01
2.841763178013251290e-01 9.104999999999999760e-01
2.841763178013251290e-01 9.104999999999999760e-01
2.841763178013251290e-01 9.104999999999999760e-01
2.841763178013251290e-01 9.104999999999999760e-01
2.841763178013251290e-01 9.104999999999999760e-01
2.841763178013251290e-01 9.104999999999999760e-01
2.841763178013251290e-01 9.104999999999999760e-01
2.841763178013251290e-01 9.104999999999999760e-01
2.841763178013251290e-01 9.104999999999999760e-01
2.841763178013251290e-01 9.104999999999999760e-01
2.841763178013251290e-01 9.104999999999999760e-01
2.841763178013251290e-01 9.104999999999999760e-01
2.841763178013251290e-01 9.104999999999999760e-01
2.841763178013251290e-01 9.104999999999999760e-01
2.841763178013251290e-01 9.104999999999999760e-01
2.841763178013251290e-01 9.104999999999999760e-01
2.841763178013251290e-01 9.104999999999999760e-01
2.841763178013251290e-01 9.104999999999999760e-01
2.841763178013251290e-01 9.104999999999999760e-01
2.841763178013251290e-01 9.104999999999999760e-01
2.841763178013251290e-01 9.104999999999999760e-01
2.841763178013251290e-01 9.104999999999999760e-01
2.841763178013251290e-01 9.104999999999999760e-01
2.841763178013251290e-01 9.104999999999999760e-01
2.841763178013251290e-01 9.104999999999999760e-01
2.841763178013251290e-01 9.104999999999999760e-01
2.841763178013251290e-01 9.104999999999999760e-01
2.841763178013251290e-01 9.104999999999999760e-01
2.841763178013251290e-01 9.104999999999999760e-01
2.841763178013251290e-01 9.104999999999999760e-01
2.841763178013251290e-01 9.104999999999999760e-01
2.841763178013251290e-01 9.104999999999999760e-01
2.841763178013251290e-01 9.104999999999999760e-01
2.841763178013251290e-01 9.104999999999999760e-01
2.841763178013251290e-01 9.104999999999999760e-01
2.841763178013251290e-01 9.104999999999999760e-01
2.841763178013251290e-01 9.104999999999999760e-01
2.841763178013251290e-01 9.104999999999999760e-01
2.841763178013251290e-01 9.104999999999999760e-01
2.841763178013251290e-01 9.104999999999999760e-01
2.841763178013251290e-01 9.104999999999999760e-01
2.841763178013251290e-01 9.104999999999999760e-01
2.841763178013251290e-01 9.104999999999999760e-01
2.841763178013251290e-01 9.104999999999999760e-01
2.841763178013251290e-01 9.104999999999999760e-01
2.841763178013251290e-01 9.104999999999999760e-01
2.841763178013251290e-01 9.104999999999999760e-01
2.841763178013251290e-01 9.104999999999999760e-01
2.841763178013251290e-01 9.104999999999999760e-01
2.841763178013251290e-01 9.104999999999999760e-01
2.841763178013251290e-01 9.104999999999999760e-01
2.841763178013251290e-01 9.104999999999999760e-01
2.841763178013251290e-01 9.104999999999999760e-01
2.841763178013251290e-01 9.104999999999999760e-01
2.841763178013251290e-01 9.104999999999999760e-01
2.841763178013251290e-01 9.104999999999999760e-01
2.841763178013251290e-01 9.104999999999999760e-01
2.841763178013251290e-01 9.104999999999999760e-01
2.841763178013251290e-01 9.104999999999999760e-01
2.841763178013251290e-01 9.104999999999999760e-01
2.841763178013251290e-01 9.104999999999999760e-01
2.841763178013251290e-01 9.104999999999999760e-01
2.841763178013251290e-01 9.104999999999999760e-01
2.841763178013251290e-01 9.104999999999999760e-01
2.841763178013251290e-01 9.104999999999999760e-01
2.841763178013251290e-01 9.104999999999999760e-01
2.841763178013251290e-01 9.104999999999999760e-01
2.841763178013251290e-01 9.104999999999999760e-01
2.841763178013251290e-01 9.104999999999999760e-01
2.841763178013251290e-01 9.104999999999999760e-01
2.841763178013251290e-01 9.104999999999999760e-01
2.841763132682143533e-01 9.104999999999999760e-01
2.841763317396271971e-01 9.104999999999999760e-01
2.841762839218057723e-01 9.104999999999999760e-01
2.841763528085521351e-01 9.104999999999999760e-01
2.841763827185401214e-01 9.104999999999999760e-01
2.841763453739913348e-01 9.104999999999999760e-01
2.841761584647369832e-01 9.104999999999999760e-01
2.841763733040651996e-01 9.104999999999999760e-01
2.841766012741114289e-01 9.104999999999999760e-01
2.841768262203578921e-01 9.104999999999999760e-01
2.841778875951318506e-01 9.104999999999999760e-01
2.841775264310442695e-01 9.104999999999999760e-01
2.841772366074029610e-01 9.104999999999999760e-01
2.841774892017966958e-01 9.104999999999999760e-01
2.841780372756151363e-01 9.104999999999999760e-01
2.841790421547856216e-01 9.104999999999999760e-01
2.841798209882703818e-01 9.104999999999999760e-01
2.841792707698206910e-01 9.104999999999999760e-01
2.841808703189077634e-01 9.104999999999999760e-01
2.841814840677482357e-01 9.104999999999999760e-01
2.841801463256408145e-01 9.104999999999999760e-01
2.841790700668281877e-01 9.104999999999999760e-01
2.841792614458959476e-01 9.104999999999999760e-01
2.841796286823969342e-01 9.104999999999999760e-01
2.841815450974985446e-01 9.105999999999999650e-01
2.841790798945492136e-01 9.104999999999999760e-01
2.841764005009196348e-01 9.104999999999999760e-01
2.841768784199392717e-01 9.104999999999999760e-01
2.841745882878018437e-01 9.104999999999999760e-01
2.841709696678157981e-01 9.104999999999999760e-01
2.841716023433957794e-01 9.105999999999999650e-01
2.841726408758959432e-01 9.104999999999999760e-01
2.841711723774809073e-01 9.105999999999999650e-01
2.841794645203833403e-01 9.105999999999999650e-01
2.841733893880064588e-01 9.105999999999999650e-01
2.841636738812464147e-01 9.105999999999999650e-01
2.841567498747599729e-01 9.104999999999999760e-01
2.841509969197349439e-01 9.105999999999999650e-01
2.841492441010257664e-01 9.105999999999999650e-01
2.841423026709919419e-01 9.105999999999999650e-01
2.841260935394710474e-01 9.105999999999999650e-01
2.841263540213264105e-01 9.105999999999999650e-01
2.841201623216559891e-01 9.104999999999999760e-01
2.841182669559051410e-01 9.105999999999999650e-01
2.841204979236151562e-01 9.105999999999999650e-01
2.841105822016012916e-01 9.106999999999999540e-01
2.841108676157535484e-01 9.105999999999999650e-01
2.841128088502489213e-01 9.105999999999999650e-01
2.841099368308339090e-01 9.106999999999999540e-01
2.841061385516686078e-01 9.106999999999999540e-01
2.841152847274461823e-01 9.106999999999999540e-01
2.841182985213117074e-01 9.106999999999999540e-01
2.841286871891409160e-01 9.105999999999999650e-01
2.841293670912785063e-01 9.105999999999999650e-01
2.841210855171337202e-01 9.105999999999999650e-01
2.841278631678931244e-01 9.105999999999999650e-01
2.841017476171974754e-01 9.105999999999999650e-01
2.840933082669469534e-01 9.104999999999999760e-01
2.840935474121032422e-01 9.106999999999999540e-01
2.840769577301852644e-01 9.105999999999999650e-01
2.840786678032514723e-01 9.106999999999999540e-01
2.840665245350138535e-01 9.105999999999999650e-01
2.840606756331160998e-01 9.106999999999999540e-01
2.840735256326250013e-01 9.104999999999999760e-01
2.840963739078948280e-01 9.102999999999999980e-01
2.840666331692972002e-01 9.101000000000000201e-01
2.840701212630603045e-01 9.102000000000000091e-01
2.840669685850312765e-01 9.102000000000000091e-01
2.840568592611271703e-01 9.102000000000000091e-01
2.840460712736083693e-01 9.103999999999999870e-01
2.840732210406773928e-01 9.104999999999999760e-01
2.840813905341456058e-01 9.103999999999999870e-01
2.840936247807266946e-01 9.104999999999999760e-01
2.840850759707777562e-01 9.104999999999999760e-01
2.840848827153424350e-01 9.104999999999999760e-01
2.841146941601659925e-01 9.105999999999999650e-01
2.841464279540674154e-01 9.104999999999999760e-01
2.841471442493712640e-01 9.105999999999999650e-01
2.841424456572578250e-01 9.106999999999999540e-01
2.841438621690951516e-01 9.108000000000000540e-01
2.841321699485399588e-01 9.108000000000000540e-01
2.841570129379232257e-01 9.108000000000000540e-01
2.841936433762406455e-01 9.104999999999999760e-01
2.841845818250352540e-01 9.106999999999999540e-01
2.841775960056994177e-01 9.108000000000000540e-01
2.841793126519793211e-01 9.106999999999999540e-01
2.841985168837037889e-01 9.105999999999999650e-01
2.841822087476929548e-01 9.104999999999999760e-01
2.842018164844742345e-01 9.105999999999999650e-01
2.842139103169708525e-01 9.103999999999999870e-01
2.841851474336458683e-01 9.103999999999999870e-01
2.841722559204950538e-01 9.102999999999999980e-01
2.842157889171825214e-01 9.102999999999999980e-01
2.841679959137191624e-01 9.102999999999999980e-01
2.841092399594828399e-01 9.102999999999999980e-01
2.841382993874133622e-01 9.102000000000000091e-01
2.841465593963462544e-01 9.104999999999999760e-01
2.841856286694129929e-01 9.103999999999999870e-01
2.841590250174473864e-01 9.104999999999999760e-01
2.841660622486386067e-01 9.102999999999999980e-01
2.840852358905480157e-01 9.102999999999999980e-01
2.840968527092304075e-01 9.104999999999999760e-01
2.840689181879724745e-01 9.101000000000000201e-01
2.840358577592638767e-01 9.100000000000000311e-01
2.840280495568744956e-01 9.098000000000000531e-01
2.839980168320276332e-01 9.098000000000000531e-01
2.840526746966135496e-01 9.102999999999999980e-01
2.840383656113747990e-01 9.105999999999999650e-01
2.840409906005724183e-01 9.105999999999999650e-01
2.840681783285488593e-01 9.104999999999999760e-01
2.840794008938972715e-01 9.102999999999999980e-01
2.840812203924698021e-01 9.102999999999999980e-01
2.840526895986409395e-01 9.104999999999999760e-01
2.840857172368269623e-01 9.102999999999999980e-01
2.840588798909344792e-01 9.102999999999999980e-01
2.841401934870660395e-01 9.100000000000000311e-01
2.842309064851040179e-01 9.098000000000000531e-01
2.842378962039460721e-01 9.102000000000000091e-01
2.842244128430477246e-01 9.103999999999999870e-01
2.841939558105056607e-01 9.106999999999999540e-01
2.842277581137885867e-01 9.108000000000000540e-01
2.842920602739706371e-01 9.102999999999999980e-01
2.843874195686065809e-01 9.102000000000000091e-01
2.844299451747756002e-01 9.099000000000000421e-01
2.844968220985669149e-01 9.094999999999999751e-01
2.844986974412204717e-01 9.096999999999999531e-01
2.845670264045167541e-01 9.099000000000000421e-01
2.844999387743663011e-01 9.100000000000000311e-01
2.844496815424251701e-01 9.102999999999999980e-01
2.844694554537785525e-01 9.102999999999999980e-01
2.845348195265485214e-01 9.102000000000000091e-01
2.844739598309798945e-01 9.102000000000000091e-01
2.844987334997032269e-01 9.100000000000000311e-01
2.845333871405217319e-01 9.100000000000000311e-01
2.844958455771139372e-01 9.100000000000000311e-01
2.845040038532890003e-01 9.101000000000000201e-01
2.845018684588854208e-01 9.100000000000000311e-01
2.845008229623630092e-01 9.099000000000000421e-01
2.845596942076371039e-01 9.100000000000000311e-01
2.845290066431643838e-01 9.099000000000000421e-01
2.845792445929649639e-01 9.100000000000000311e-01
2.846118521144453961e-01 9.098000000000000531e-01
2.845162957379938073e-01 9.102000000000000091e-01
2.844709147520518289e-01 9.101000000000000201e-01
2.843547953727579847e-01 9.098000000000000531e-01
2.843879960264119044e-01 9.096999999999999531e-01
2.843512007292301469e-01 9.092999999999999972e-01
2.843931643896466799e-01 9.096999999999999531e-01
2.843375323351954864e-01 9.093999999999999861e-01
2.843501793739606209e-01 9.104999999999999760e-01
2.841664349425219727e-01 9.108000000000000540e-01
2.840909699711534064e-01 9.102999999999999980e-01
2.841262071631216468e-01 9.102999999999999980e-01
2.843282360084437577e-01 9.100000000000000311e-01
2.842713636870626837e-01 9.102999999999999980e-01
2.842874635319265764e-01 9.099000000000000421e-01
2.841816592980160316e-01 9.106999999999999540e-01
2.843537520489572423e-01 9.100000000000000311e-01
2.843447581376907785e-01 9.100000000000000311e-01
2.843284815936539256e-01 9.106999999999999540e-01
2.844191281542277627e-01 9.103999999999999870e-01
2.846313421535765498e-01 9.100000000000000311e-01
2.846394501064404836e-01 9.100000000000000311e-01
2.845836482167526382e-01 9.103999999999999870e-01
2.843842344015213297e-01 9.096999999999999531e-01
2.843207860177935364e-01 9.100000000000000311e-01
2.843130004754226836e-01 9.101000000000000201e-01
2.844319856652809952e-01 9.103999999999999870e-01
2.845669778176415088e-01 9.096999999999999531e-01
2.845832392106064646e-01 9.093999999999999861e-01
2.846317437951523810e-01 9.096999999999999531e-01
2.847528308764837868e-01 9.091000000000000192e-01
2.846453982850042919e-01 9.085999999999999632e-01
2.850331704336070415e-01 9.082999999999999963e-01
2.850230613005169111e-01 9.081000000000000183e-01
2.852997202182955827e-01 9.073999999999999844e-01
2.855062179163035396e-01 9.082999999999999963e-01
2.854454250940735016e-01 9.082000000000000073e-01
2.853289041760666001e-01 9.086999999999999522e-01
2.853819954736122599e-01 9.086999999999999522e-01
2.856795666820425295e-01 9.080000000000000293e-01
2.859547242049996219e-01 9.084999999999999742e-01
2.859236445616903932e-01 9.086999999999999522e-01
2.859405965134834138e-01 9.084999999999999742e-01
2.860113595796440200e-01 9.083999999999999853e-01
2.860208732414117327e-01 9.089000000000000412e-01
2.863294335287679959e-01 9.088000000000000522e-01
2.864257947782016811e-01 9.088000000000000522e-01
2.866122389533724557e-01 9.088000000000000522e-01
2.869644489739011095e-01 9.088000000000000522e-01
2.871257085980705726e-01 9.081000000000000183e-01
2.872504072644052053e-01 9.084999999999999742e-01
2.871379691417119129e-01 9.082999999999999963e-01
2.874658773962677771e-01 9.084999999999999742e-01
2.877843895321061107e-01 9.082999999999999963e-01
2.878088491706266017e-01 9.079000000000000403e-01
2.877837361048945497e-01 9.073999999999999844e-01
2.882150503724807966e-01 9.065999999999999615e-01
2.885800087554585280e-01 9.066999999999999504e-01
2.890748984045738990e-01 9.065999999999999615e-01
2.894970436212203624e-01 9.055999999999999606e-01
2.898286417204237742e-01 9.054999999999999716e-01
2.897142957110845352e-01 9.062000000000000055e-01
2.896771103312188456e-01 9.069000000000000394e-01
2.899719366450724256e-01 9.060000000000000275e-01
2.900734039139148401e-01 9.058000000000000496e-01
2.901571848804102016e-01 9.061000000000000165e-01
2.906012143364381517e-01 9.056999999999999496e-01
2.910296263743709644e-01 9.058000000000000496e-01
2.912961610295548565e-01 9.051000000000000156e-01
2.914558961195701792e-01 9.052000000000000046e-01
2.915725141335704373e-01 9.042000000000000037e-01
2.923791118170775416e-01 9.042000000000000037e-01
2.925606339954827106e-01 9.044999999999999707e-01
2.920183580011251889e-01 9.039000000000000368e-01
2.921175017868458679e-01 9.034999999999999698e-01
2.923493542334996698e-01 9.020000000000000240e-01
2.927293881779637341e-01 9.026999999999999469e-01
2.932880873035192404e-01 9.025999999999999579e-01
2.938441032505078598e-01 9.029000000000000359e-01
2.940800733243115750e-01 9.026999999999999469e-01
2.943158635487509445e-01 9.030000000000000249e-01
2.942835726957496179e-01 9.031000000000000139e-01
2.947964277675040878e-01 9.032999999999999918e-01
2.953233780565019395e-01 9.026999999999999469e-01
2.958164161752436239e-01 9.013999999999999790e-01
2.967100595729800783e-01 9.005999999999999561e-01
2.971790433966854383e-01 9.002999999999999892e-01
2.978490813450847541e-01 9.010000000000000231e-01
2.982787755955344511e-01 9.003999999999999782e-01
2.983853152520682395e-01 9.002000000000000002e-01
2.983002789071401151e-01 9.002999999999999892e-01
2.983395386813199601e-01 9.019000000000000350e-01
2.991102984144387023e-01 9.014999999999999680e-01
3.005688004203217467e-01 9.000000000000000222e-01
3.011193327426389121e-01 8.993999999999999773e-01
3.019295272779015105e-01 8.989000000000000323e-01
3.017744647905171163e-01 8.988000000000000433e-01
3.026478870703138147e-01 8.983999999999999764e-01
3.033898430336861574e-01 8.977000000000000535e-01
3.034864332893350003e-01 8.984999999999999654e-01
3.032268527715190065e-01 8.982999999999999874e-01
3.036711075090787748e-01 8.978000000000000425e-01
3.038873068226839447e-01 8.981999999999999984e-01
3.042828345214512731e-01 8.971999999999999975e-01
3.056079978548049692e-01 8.962999999999999856e-01
3.075363710565908737e-01 8.963999999999999746e-01
3.078402145533176704e-01 8.953999999999999737e-01
3.086936101487547379e-01 8.958000000000000407e-01
3.090079213682754289e-01 8.943999999999999728e-01
3.103745103263895189e-01 8.934999999999999609e-01
3.105847709045668759e-01 8.945999999999999508e-01
3.125166868813640808e-01 8.930000000000000160e-01
3.122189572057703644e-01 8.941999999999999948e-01
3.128856650967441477e-01 8.931000000000000050e-01
3.136216504133829130e-01 8.927000000000000490e-01
3.149193881103229398e-01 8.911000000000000032e-01
3.165060385938949228e-01 8.899000000000000243e-01
3.153031950521030247e-01 8.914999999999999591e-01
3.149408279974960090e-01 8.903999999999999693e-01
3.167690104223939707e-01 8.895999999999999464e-01
3.171242475586300569e-01 8.893999999999999684e-01
3.166979627601539948e-01 8.903999999999999693e-01
3.173865314424615947e-01 8.915999999999999481e-01
3.172412863453090148e-01 8.917000000000000481e-01
3.175727049391939283e-01 8.889000000000000234e-01
3.171291354099842197e-01 8.897000000000000464e-01
3.187395252050386207e-01 8.871999999999999886e-01
3.188977474014469404e-01 8.882999999999999785e-01
3.198332761319043760e-01 8.860999999999999988e-01
3.196369759146126532e-01 8.866000000000000547e-01
3.199251207032338673e-01 8.866000000000000547e-01
3.212163105176962241e-01 8.866000000000000547e-01
3.208604124440120331e-01 8.867000000000000437e-01
3.214025656646589679e-01 8.847000000000000419e-01
3.225579895904566174e-01 8.839000000000000190e-01
3.230973459954976090e-01 8.837000000000000410e-01
3.241595221228941170e-01 8.836000000000000520e-01
3.256638898255637682e-01 8.832999999999999741e-01
3.282352511211911184e-01 8.830999999999999961e-01
3.283117392287198677e-01 8.820000000000000062e-01
3.280650723839484972e-01 8.819000000000000172e-01
3.294988990634473702e-01 8.814999999999999503e-01
3.319036082438682755e-01 8.786000000000000476e-01
3.342789189440338316e-01 8.788000000000000256e-01
3.353805925535086607e-01 8.780000000000000027e-01
3.378587562180261350e-01 8.762999999999999678e-01
3.389970275522010690e-01 8.757000000000000339e-01
3.414625497495293871e-01 8.737000000000000322e-01
3.447319210820491975e-01 8.706000000000000405e-01
3.465446737099512342e-01 8.708000000000000185e-01
3.480674480200590670e-01 8.699999999999999956e-01
3.500898403906264056e-01 8.701999999999999735e-01
3.527895370992817359e-01 8.689000000000000057e-01
3.553459290259195491e-01 8.675000000000000488e-01
3.563856365449729613e-01 8.665000000000000480e-01
3.585061301176851178e-01 8.656000000000000361e-01
3.606746756314412328e-01 8.631999999999999673e-01
3.658872039433463397e-01 8.588000000000000078e-01
3.683642530895003264e-01 8.576000000000000290e-01
3.720477706276723584e-01 8.531999999999999584e-01
3.759003359780460074e-01 8.489999999999999769e-01
3.812060077865661034e-01 8.444000000000000394e-01
3.810966062563200807e-01 8.449999999999999734e-01
3.855697636553039875e-01 8.408999999999999808e-01
3.897943801870754066e-01 8.366999999999999993e-01
3.952879719560209448e-01 8.334000000000000297e-01
3.968877831751125296e-01 8.276000000000000023e-01
4.024057778001944308e-01 8.227999999999999758e-01
4.034881252502907079e-01 8.218999999999999639e-01
4.066596054341672928e-01 8.186999999999999833e-01
4.054256771945443094e-01 8.181000000000000494e-01
4.090050759597466667e-01 8.169999999999999485e-01
4.148526504554715943e-01 8.137999999999999678e-01
4.200670525096984464e-01 8.060000000000000497e-01
4.185549911213919394e-01 8.035999999999999810e-01
4.227499138017209446e-01 7.996999999999999664e-01
4.297379688899141681e-01 7.907999999999999474e-01
4.292397091259121944e-01 7.914999999999999813e-01
4.401751848331154071e-01 7.841000000000000192e-01
4.396111384391662158e-01 7.819000000000000394e-01
4.422309310288836115e-01 7.820000000000000284e-01
4.535702431991442407e-01 7.653999999999999693e-01
4.513678531184356912e-01 7.732999999999999874e-01
4.504458421209881491e-01 7.772999999999999909e-01
4.595352861877037842e-01 7.619000000000000217e-01
-1.000000000000000000e+00 -1.000000000000000000e+00
-1.000000000000000000e+00 -1.000000000000000000e+00
-1.000000000000000000e+00 -1.000000000000000000e+00
-1.000000000000000000e+00 -1.000000000000000000e+00
-1.000000000000000000e+00 -1.000000000000000000e+00
-1.000000000000000000e+00 -1.000000000000000000e+00
-1.000000000000000000e+00 -1.000000000000000000e+00
-1.000000000000000000e+00 -1.000000000000000000e+00
-1.000000000000000000e+00 -1.000000000000000000e+00
-1.000000000000000000e+00 -1.000000000000000000e+00
-1.000000000000000000e+00 -1.000000000000000000e+00
-1.000000000000000000e+00 -1.000000000000000000e+00
-1.000000000000000000e+00 -1.000000000000000000e+00
-1.000000000000000000e+00 -1.000000000000000000e+00
-1.000000000000000000e+00 -1.000000000000000000e+00
-1.000000000000000000e+00 -1.000000000000000000e+00
-1.000000000000000000e+00 -1.000000000000000000e+00
-1.000000000000000000e+00 -1.000000000000000000e+00
-1.000000000000000000e+00 -1.000000000000000000e+00
-1.000000000000000000e+00 -1.000000000000000000e+00
-1.000000000000000000e+00 -1.000000000000000000e+00
-1.000000000000000000e+00 -1.000000000000000000e+00
-1.000000000000000000e+00 -1.000000000000000000e+00
-1.000000000000000000e+00 -1.000000000000000000e+00
-1.000000000000000000e+00 -1.000000000000000000e+00
-1.000000000000000000e+00 -1.000000000000000000e+00
-1.000000000000000000e+00 -1.000000000000000000e+00
-1.000000000000000000e+00 -1.000000000000000000e+00
-1.000000000000000000e+00 -1.000000000000000000e+00
-1.000000000000000000e+00 -1.000000000000000000e+00
-1.000000000000000000e+00 -1.000000000000000000e+00
-1.000000000000000000e+00 -1.000000000000000000e+00
-1.000000000000000000e+00 -1.000000000000000000e+00
-1.000000000000000000e+00 -1.000000000000000000e+00
-1.000000000000000000e+00 -1.000000000000000000e+00
-1.000000000000000000e+00 -1.000000000000000000e+00
-1.000000000000000000e+00 -1.000000000000000000e+00
-1.000000000000000000e+00 -1.000000000000000000e+00
-1.000000000000000000e+00 -1.000000000000000000e+00
-1.000000000000000000e+00 -1.000000000000000000e+00
-1.000000000000000000e+00 -1.000000000000000000e+00
-1.000000000000000000e+00 -1.000000000000000000e+00
-1.000000000000000000e+00 -1.000000000000000000e+00
-1.000000000000000000e+00 -1.000000000000000000e+00
-1.000000000000000000e+00 -1.000000000000000000e+00
-1.000000000000000000e+00 -1.000000000000000000e+00
-1.000000000000000000e+00 -1.000000000000000000e+00
-1.000000000000000000e+00 -1.000000000000000000e+00
-1.000000000000000000e+00 -1.000000000000000000e+00
-1.000000000000000000e+00 -1.000000000000000000e+00
-1.000000000000000000e+00 -1.000000000000000000e+00
-1.000000000000000000e+00 -1.000000000000000000e+00
-1.000000000000000000e+00 -1.000000000000000000e+00
-1.000000000000000000e+00 -1.000000000000000000e+00
