9.941662083588152787e-02 9.528999999999999693e-01
9.941683352993249678e-02 9.528999999999999693e-01
9.941698049403338566e-02 9.528999999999999693e-01
9.941738303751045114e-02 9.528999999999999693e-01
9.941765427779196418e-02 9.528999999999999693e-01
9.941299128845519639e-02 9.526999999999999913e-01
9.941430820641893040e-02 9.526999999999999913e-01
9.941454024686104118e-02 9.526999999999999913e-01
9.941300102169078889e-02 9.526000000000000023e-01
9.939551328358235682e-02 9.527999999999999803e-01
9.939947885285299600e-02 9.527999999999999803e-01
9.940506767921582221e-02 9.528999999999999693e-01
9.940769417421148335e-02 9.528999999999999693e-01
9.938442149390147584e-02 9.526999999999999913e-01
9.938907761037892030e-02 9.526000000000000023e-01
9.939761324846906054e-02 9.527999999999999803e-01
9.940687588062495361e-02 9.527999999999999803e-01
9.940542022617826490e-02 9.530999999999999472e-01
9.940878076535139551e-02 9.529999999999999583e-01
9.939557370235052591e-02 9.529999999999999583e-01
9.940808229505657123e-02 9.528999999999999693e-01
9.940483430652372054e-02 9.528999999999999693e-01
9.939926764768738932e-02 9.526999999999999913e-01
9.938759576670840035e-02 9.530999999999999472e-01
9.939771330246664760e-02 9.529999999999999583e-01
9.937109476498907912e-02 9.526999999999999913e-01
9.937755357173538862e-02 9.527999999999999803e-01
9.938205740032157731e-02 9.526999999999999913e-01
9.940867647040324551e-02 9.526000000000000023e-01
9.942597783610629403e-02 9.526000000000000023e-01
9.941371355658100428e-02 9.526999999999999913e-01
9.941654419614538718e-02 9.527999999999999803e-01
9.940543101442937679e-02 9.526999999999999913e-01
9.939313358506565721e-02 9.526999999999999913e-01
9.941160841439738993e-02 9.526000000000000023e-01
9.942715609592935044e-02 9.526999999999999913e-01
9.942861499416486004e-02 9.525000000000000133e-01
9.942511851892346653e-02 9.520999999999999464e-01
9.942658813127189243e-02 9.522000000000000464e-01
9.941982325175270641e-02 9.523000000000000353e-01
9.940844771408186009e-02 9.523000000000000353e-01
9.939786781998218024e-02 9.522000000000000464e-01
9.940295271689529588e-02 9.522000000000000464e-01
9.939746968350092471e-02 9.522000000000000464e-01
9.942169205157072587e-02 9.518999999999999684e-01
9.942849530535334546e-02 9.523000000000000353e-01
9.943351966738436798e-02 9.526999999999999913e-01
9.937737524883133444e-02 9.526000000000000023e-01
9.941643098563780756e-02 9.526000000000000023e-01
9.938091798580610259e-02 9.526000000000000023e-01
9.934938898079313796e-02 9.525000000000000133e-01
9.939692379720783955e-02 9.528999999999999693e-01
9.942461152138716562e-02 9.524000000000000243e-01
9.942354293435000379e-02 9.523000000000000353e-01
9.944896491884716583e-02 9.528999999999999693e-01
9.950372299834719936e-02 9.528999999999999693e-01
9.952687593945258593e-02 9.528999999999999693e-01
9.955162122140731595e-02 9.527999999999999803e-01
9.959723884192950294e-02 9.526000000000000023e-01
9.960659010389344425e-02 9.530999999999999472e-01
9.967376032729031998e-02 9.529999999999999583e-01
9.962498925908928882e-02 9.528999999999999693e-01
9.971869524246693151e-02 9.529999999999999583e-01
9.977555370258382739e-02 9.530999999999999472e-01
9.982180915360165663e-02 9.528999999999999693e-01
9.986685791385015165e-02 9.526000000000000023e-01
9.998792642267852193e-02 9.523000000000000353e-01
1.000185069664526749e-01 9.522000000000000464e-01
9.998886104683721299e-02 9.522000000000000464e-01
9.995811934481751981e-02 9.524000000000000243e-01
9.999312370453089516e-02 9.522000000000000464e-01
1.000003629533567362e-01 9.524000000000000243e-01
1.000524105705999783e-01 9.525000000000000133e-01
9.995124042729250369e-02 9.526999999999999913e-01
1.000220497223891225e-01 9.528999999999999693e-01
1.000847252233588169e-01 9.530999999999999472e-01
1.001492824477863142e-01 9.527999999999999803e-01
1.001241902845395049e-01 9.527999999999999803e-01
1.001521365333016000e-01 9.532000000000000473e-01
1.001281496624343292e-01 9.530999999999999472e-01
1.002087166885940878e-01 9.530999999999999472e-01
1.001748086865515003e-01 9.529999999999999583e-01
1.001611810960382071e-01 9.527999999999999803e-01
1.002531687064941029e-01 9.527999999999999803e-01
1.002888531379988596e-01 9.526000000000000023e-01
1.002363994162685928e-01 9.526999999999999913e-01
1.002536445747452681e-01 9.528999999999999693e-01
1.002157475167282930e-01 9.532000000000000473e-01
1.002264817391503859e-01 9.532000000000000473e-01
1.003299444204891894e-01 9.532000000000000473e-01
1.004367850894054004e-01 9.527999999999999803e-01
1.005403745713496222e-01 9.526999999999999913e-01
1.005851712721221453e-01 9.520999999999999464e-01
1.004026114181333917e-01 9.525000000000000133e-01
1.005009974212616453e-01 9.526000000000000023e-01
1.005404233179792578e-01 9.525000000000000133e-01
1.006749435118006603e-01 9.526000000000000023e-01
1.006246286781321969e-01 9.529999999999999583e-01
1.006233526214410368e-01 9.529999999999999583e-01
1.006755795339330795e-01 9.527999999999999803e-01
1.007140568739826048e-01 9.526000000000000023e-01
1.006839318392717258e-01 9.530999999999999472e-01
1.007038319646122865e-01 9.523000000000000353e-01
1.008696796388574846e-01 9.522000000000000464e-01
1.008255212441277471e-01 9.526000000000000023e-01
1.007050567151454024e-01 9.525000000000000133e-01
1.007433575263318309e-01 9.527999999999999803e-01
1.007612541277756180e-01 9.524000000000000243e-01
1.008338382640798364e-01 9.523000000000000353e-01
1.008274307343656612e-01 9.532000000000000473e-01
1.008617498572290105e-01 9.523000000000000353e-01
1.008408208983701398e-01 9.526000000000000023e-01
1.010028875362591477e-01 9.525000000000000133e-01
1.008580455083465666e-01 9.529999999999999583e-01
1.008866735181786350e-01 9.528999999999999693e-01
1.010063835167435559e-01 9.522000000000000464e-01
1.009711696798244740e-01 9.525000000000000133e-01
1.010500639384883520e-01 9.524000000000000243e-01
1.012029907762486136e-01 9.525000000000000133e-01
1.012290510018071382e-01 9.525000000000000133e-01
1.012659610074579386e-01 9.525000000000000133e-01
1.012504025488143861e-01 9.526999999999999913e-01
1.012767533493192790e-01 9.522000000000000464e-01
1.012534317421233815e-01 9.523000000000000353e-01
1.013265009374149928e-01 9.527999999999999803e-01
1.010239173355448467e-01 9.525000000000000133e-01
1.011852760621226310e-01 9.523000000000000353e-01
1.012770313260162730e-01 9.519999999999999574e-01
1.013782846666581583e-01 9.523000000000000353e-01
1.012242061300011875e-01 9.529999999999999583e-01
1.013902440461777049e-01 9.519999999999999574e-01
1.015337288078818068e-01 9.513000000000000345e-01
1.016692738960924824e-01 9.515000000000000124e-01
1.015470938813996249e-01 9.522000000000000464e-01
1.017802437732454740e-01 9.523000000000000353e-01
1.018302816842347608e-01 9.520999999999999464e-01
1.018516160729077968e-01 9.516000000000000014e-01
1.017344096815574334e-01 9.514000000000000234e-01
1.017791133804274023e-01 9.518999999999999684e-01
1.019060305659114790e-01 9.515000000000000124e-01
1.019903527441925195e-01 9.512000000000000455e-01
1.019279867285532298e-01 9.518999999999999684e-01
1.019029643278021730e-01 9.517999999999999794e-01
1.018900486095777741e-01 9.517999999999999794e-01
1.018833858618084787e-01 9.515000000000000124e-01
1.019403469577952748e-01 9.514000000000000234e-01
1.022642806321659298e-01 9.512000000000000455e-01
1.024344645056790848e-01 9.515000000000000124e-01
1.024773637388766978e-01 9.512000000000000455e-01
1.023986216552153494e-01 9.516999999999999904e-01
1.026232147711733655e-01 9.513000000000000345e-01
1.027082567605970970e-01 9.515000000000000124e-01
1.028651299842427147e-01 9.516000000000000014e-01
1.028530218717319950e-01 9.518999999999999684e-01
1.030673465591491755e-01 9.518999999999999684e-01
1.032018905599068337e-01 9.510999999999999455e-01
1.034100430976055973e-01 9.512000000000000455e-01
1.033042415914926099e-01 9.508999999999999675e-01
1.034699366162019074e-01 9.507999999999999785e-01
1.037501421807555113e-01 9.513000000000000345e-01
1.038270936919644533e-01 9.513000000000000345e-01
1.038070097946761777e-01 9.515000000000000124e-01
1.041311967352690077e-01 9.513000000000000345e-01
1.041950533398063455e-01 9.514000000000000234e-01
1.043753065298930055e-01 9.510999999999999455e-01
1.039067011295814885e-01 9.515000000000000124e-01
1.039984845344673475e-01 9.518999999999999684e-01
1.042874311238209395e-01 9.520999999999999464e-01
1.042284666609244598e-01 9.518999999999999684e-01
1.040999312473787075e-01 9.522000000000000464e-01
1.041678245755582599e-01 9.519999999999999574e-01
1.042923822424785124e-01 9.523000000000000353e-01
1.044470041978665942e-01 9.523000000000000353e-01
1.042528556187923838e-01 9.516999999999999904e-01
1.043124088441868963e-01 9.514000000000000234e-01
1.044400108815491668e-01 9.508999999999999675e-01
1.046842774793572128e-01 9.509999999999999565e-01
1.044959536896327146e-01 9.510999999999999455e-01
1.046868364698115145e-01 9.509999999999999565e-01
1.049160898015855242e-01 9.507999999999999785e-01
1.050727214971845375e-01 9.505000000000000115e-01
1.049191222280820568e-01 9.506000000000000005e-01
1.051116931350424277e-01 9.506999999999999895e-01
1.051458350719073620e-01 9.513000000000000345e-01
1.053149801309324202e-01 9.508999999999999675e-01
1.050226092178679627e-01 9.514000000000000234e-01
1.051812059596610865e-01 9.517999999999999794e-01
1.052913122660073253e-01 9.515000000000000124e-01
1.054660171812799030e-01 9.515000000000000124e-01
1.050462457261496368e-01 9.507999999999999785e-01
1.051575704563913194e-01 9.506000000000000005e-01
1.055795947913080873e-01 9.506999999999999895e-01
1.057034273268807750e-01 9.506999999999999895e-01
1.055522409239757764e-01 9.499999999999999556e-01
1.058456037136553951e-01 9.498999999999999666e-01
1.059879305221258644e-01 9.505000000000000115e-01
1.060769147607152768e-01 9.510999999999999455e-01
1.058446213346772580e-01 9.506999999999999895e-01
1.058719547598133137e-01 9.514000000000000234e-01
1.060699371672758212e-01 9.513000000000000345e-01
1.065397126949707007e-01 9.514000000000000234e-01
1.063615537809650263e-01 9.514000000000000234e-01
1.068754538155261558e-01 9.509999999999999565e-01
1.072616310128461925e-01 9.515000000000000124e-01
1.074890703919312435e-01 9.503000000000000336e-01
1.070420465517941677e-01 9.506999999999999895e-01
1.071906295917408047e-01 9.512000000000000455e-01
1.073115809411844396e-01 9.508999999999999675e-01
1.078178943415629421e-01 9.506999999999999895e-01
1.075824423644066857e-01 9.507999999999999785e-01
1.076852367842119906e-01 9.506000000000000005e-01
1.082915103245978561e-01 9.506999999999999895e-01
1.083794541520822774e-01 9.491000000000000547e-01
1.079104666893931641e-01 9.497999999999999776e-01
1.079132246144177965e-01 9.495000000000000107e-01
1.083691126195250876e-01 9.499999999999999556e-01
1.084297041071798223e-01 9.499999999999999556e-01
1.082017833989736971e-01 9.512000000000000455e-01
1.084575497383968301e-01 9.513000000000000345e-01
1.086469820934854169e-01 9.505000000000000115e-01
1.088006190649896121e-01 9.506999999999999895e-01
1.087959572390516799e-01 9.507999999999999785e-01
1.092139787628787218e-01 9.505000000000000115e-01
1.096540111480177465e-01 9.500999999999999446e-01
1.095978345132517517e-01 9.505000000000000115e-01
1.093767065124030685e-01 9.505000000000000115e-01
1.095336445550827431e-01 9.503000000000000336e-01
1.102781601654706234e-01 9.498999999999999666e-01
1.106666510918960927e-01 9.495999999999999996e-01
1.101847144889686048e-01 9.496999999999999886e-01
1.110655511746189567e-01 9.485000000000000098e-01
1.112865159715052676e-01 9.488999999999999657e-01
1.115854833538365287e-01 9.494000000000000217e-01
1.110491351915492281e-01 9.495000000000000107e-01
1.115278388653701130e-01 9.497999999999999776e-01
1.115827538896533300e-01 9.500999999999999446e-01
1.117901490881483134e-01 9.494000000000000217e-01
1.114951834861372393e-01 9.493000000000000327e-01
1.116463579874871354e-01 9.500999999999999446e-01
1.117896642217841019e-01 9.506000000000000005e-01
1.118141106942178303e-01 9.500999999999999446e-01
1.116753747317345835e-01 9.491000000000000547e-01
1.122707010526740601e-01 9.494000000000000217e-01
1.126051686279190556e-01 9.500999999999999446e-01
1.126906602993583140e-01 9.494000000000000217e-01
1.120084002674181234e-01 9.495000000000000107e-01
1.121814622749257723e-01 9.491000000000000547e-01
1.126229473311857604e-01 9.494000000000000217e-01
1.135379360651526254e-01 9.484000000000000208e-01
1.130843977211753310e-01 9.483000000000000318e-01
1.134491037372387101e-01 9.485000000000000098e-01
1.140741837039038059e-01 9.482000000000000428e-01
1.149206127399801519e-01 9.483000000000000318e-01
1.136714490935865352e-01 9.491000000000000547e-01
1.141707912726574459e-01 9.482000000000000428e-01
1.145452149511106410e-01 9.477999999999999758e-01
1.147714802303489018e-01 9.486999999999999877e-01
1.141159049737419801e-01 9.495999999999999996e-01
1.142622928449038705e-01 9.488999999999999657e-01
1.148939265261187948e-01 9.483000000000000318e-01
1.156373768523020762e-01 9.468999999999999639e-01
1.159858286200712713e-01 9.471000000000000529e-01
1.163651311852759301e-01 9.476999999999999869e-01
1.166855673028227153e-01 9.471000000000000529e-01
1.172105958861601460e-01 9.465999999999999970e-01
1.166258023908975927e-01 9.466999999999999860e-01
1.176146692245711445e-01 9.462000000000000410e-01
1.175067657034495339e-01 9.466999999999999860e-01
1.178511889226886711e-01 9.462000000000000410e-01
1.176997815159257915e-01 9.466999999999999860e-01
1.181070981421581539e-01 9.465000000000000080e-01
1.191527290061784178e-01 9.464000000000000190e-01
1.193129383720782644e-01 9.463000000000000300e-01
1.183307084129134462e-01 9.465000000000000080e-01
1.191531406222074291e-01 9.457999999999999741e-01
1.201276403034908097e-01 9.448999999999999622e-01
1.206347053391697982e-01 9.457999999999999741e-01
1.196484817578177817e-01 9.457999999999999741e-01
1.206032386332439449e-01 9.445999999999999952e-01
1.208379599428354989e-01 9.437999999999999723e-01
1.213533420714219963e-01 9.444000000000000172e-01
1.206141005358442320e-01 9.444000000000000172e-01
1.210760150519820666e-01 9.445999999999999952e-01
1.216185757618729185e-01 9.432000000000000384e-01
1.224808079461760374e-01 9.431000000000000494e-01
1.217118446675842791e-01 9.438999999999999613e-01
1.222340235065859093e-01 9.441000000000000503e-01
1.232638118273036709e-01 9.432000000000000384e-01
1.241680916342329105e-01 9.433000000000000274e-01
1.229842821406172820e-01 9.438999999999999613e-01
1.243478953678018861e-01 9.442000000000000393e-01
1.253516056868650974e-01 9.432000000000000384e-01
1.268115000134853454e-01 9.418999999999999595e-01
1.252922523676576194e-01 9.425000000000000044e-01
1.262305351429867939e-01 9.421000000000000485e-01
1.272462761769133366e-01 9.417999999999999705e-01
1.282033195505772327e-01 9.416999999999999815e-01
1.266163136301179382e-01 9.416999999999999815e-01
1.274916547012590884e-01 9.413000000000000256e-01
1.289809513801180862e-01 9.409999999999999476e-01
1.300801012928982925e-01 9.395999999999999908e-01
1.286481896141463688e-01 9.405000000000000027e-01
1.299833376386126116e-01 9.403000000000000247e-01
1.312130149941759805e-01 9.388999999999999568e-01
1.317094117421655219e-01 9.395999999999999908e-01
1.296433983228830744e-01 9.395000000000000018e-01
1.295520599275531981e-01 9.394000000000000128e-01
1.295106434491568870e-01 9.392000000000000348e-01
1.296590168245202457e-01 9.391000000000000458e-01
1.285030634070276068e-01 9.405999999999999917e-01
1.286708980341219888e-01 9.408999999999999586e-01
1.289065156971922754e-01 9.405000000000000027e-01
1.290811707154687626e-01 9.405999999999999917e-01
1.279455869252834610e-01 9.407999999999999696e-01
1.283794229797190489e-01 9.409999999999999476e-01
1.286791797607723664e-01 9.404000000000000137e-01
1.292991463548159303e-01 9.399999999999999467e-01
1.282875203628276173e-01 9.415999999999999925e-01
1.290187018382860651e-01 9.414000000000000146e-01
1.294876458823551735e-01 9.416999999999999815e-01
1.381194728890538514e-01 9.389999999999999458e-01
1.444486892866986283e-01 9.373000000000000220e-01
1.452031986732138513e-01 9.367999999999999661e-01
1.460378980571430674e-01 9.360000000000000542e-01
1.464492760202684984e-01 9.365999999999999881e-01
1.431840375690565936e-01 9.379999999999999449e-01
1.432069542481269886e-01 9.378999999999999559e-01
1.432202807952826229e-01 9.378999999999999559e-01
1.433728624632833737e-01 9.375000000000000000e-01
1.418038503855237886e-01 9.377999999999999670e-01
1.419624212763850035e-01 9.378999999999999559e-01
1.427185225958231829e-01 9.360000000000000542e-01
1.456734755709420681e-01 9.351000000000000423e-01
1.430132075040686235e-01 9.365999999999999881e-01
1.435103905265658342e-01 9.351000000000000423e-01
1.449722078586720697e-01 9.344000000000000083e-01
1.447696521524629576e-01 9.351000000000000423e-01
1.427404989988328987e-01 9.376999999999999780e-01
1.440060794395596755e-01 9.354000000000000092e-01
1.461852378950821152e-01 9.344000000000000083e-01
1.474335034329492533e-01 9.323000000000000176e-01
1.469714926745888939e-01 9.317999999999999616e-01
1.474499832159567592e-01 9.304999999999999938e-01
1.501646939748246534e-01 9.285999999999999810e-01
1.507375525008220751e-01 9.301000000000000378e-01
1.478148720397688409e-01 9.325999999999999845e-01
1.480023749422401946e-01 9.325999999999999845e-01
1.484741909264405413e-01 9.316999999999999726e-01
1.496443656114637977e-01 9.300000000000000488e-01
1.471193901261074743e-01 9.324000000000000066e-01
1.496093950936001615e-01 9.308999999999999497e-01
1.503766902835778629e-01 9.311000000000000387e-01
1.527388409183244866e-01 9.290000000000000480e-01
1.507002620137562754e-01 9.301000000000000378e-01
1.515230180144203354e-01 9.294999999999999929e-01
1.521894988301161766e-01 9.283000000000000140e-01
1.537945011149775276e-01 9.266999999999999682e-01
1.517465138633297683e-01 9.277999999999999581e-01
1.533469259886211800e-01 9.274999999999999911e-01
1.548334226507141753e-01 9.257999999999999563e-01
1.550742021334637066e-01 9.252000000000000224e-01
1.534610449403458754e-01 9.262000000000000233e-01
1.543956528592567712e-01 9.258999999999999453e-01
1.561168069755615173e-01 9.252000000000000224e-01
1.562429033656505262e-01 9.249000000000000554e-01
1.540159624270956151e-01 9.253000000000000114e-01
1.568023648491674860e-01 9.233999999999999986e-01
1.600824325338016385e-01 9.213999999999999968e-01
1.609978755325309763e-01 9.212000000000000188e-01
1.585637467648820242e-01 9.225999999999999757e-01
1.589806171536590762e-01 9.226999999999999647e-01
1.678577685916524675e-01 9.209000000000000519e-01
1.775546659637921021e-01 9.146999999999999575e-01
1.827995205454100713e-01 9.076999999999999513e-01
2.103298123625043925e-01 8.834999999999999520e-01
2.116863223426069529e-01 8.816000000000000503e-01
2.136518126539186935e-01 8.810000000000000053e-01
1.904265462126185637e-01 9.085999999999999632e-01
1.946278166476127225e-01 9.059000000000000385e-01
1.966648651851446994e-01 9.046999999999999487e-01
1.998653395452254511e-01 9.008000000000000451e-01
1.936476399144339278e-01 9.041000000000000147e-01
1.978737521531707122e-01 9.022999999999999909e-01
2.002809673863172324e-01 9.000000000000000222e-01
2.004126134965477368e-01 9.001000000000000112e-01
2.050455773173729124e-01 8.971000000000000085e-01
2.164130306653147262e-01 8.887000000000000455e-01
2.234263204362350597e-01 8.858000000000000318e-01
2.275944593691198448e-01 8.812999999999999723e-01
2.119681362117424583e-01 8.919000000000000261e-01
2.112662702935519943e-01 8.927000000000000490e-01
2.155694429679792523e-01 8.901999999999999913e-01
2.166482524679596289e-01 8.914999999999999591e-01
2.112289380753186452e-01 8.961000000000000076e-01
2.124937387229567376e-01 8.949000000000000288e-01
2.155615744610918649e-01 8.921999999999999931e-01
2.172907237689325477e-01 8.894999999999999574e-01
2.167743260983781561e-01 8.902999999999999803e-01
2.191827216480515261e-01 8.871999999999999886e-01
2.346870987465374536e-01 8.738000000000000211e-01
2.779655688470288322e-01 8.347999999999999865e-01
2.567889122589342987e-01 8.530999999999999694e-01
2.567913399587875012e-01 8.530999999999999694e-01
2.567813209283451026e-01 8.530999999999999694e-01
2.567961488497609301e-01 8.530999999999999694e-01
2.492574947148126219e-01 8.608999999999999986e-01
2.501799210267818263e-01 8.605000000000000426e-01
2.503858721090261308e-01 8.606000000000000316e-01
2.504090857435281037e-01 8.606000000000000316e-01
2.470994298145170465e-01 8.629000000000000004e-01
2.470994329682898172e-01 8.629000000000000004e-01
2.470994335095792471e-01 8.629000000000000004e-01
2.470994335095792471e-01 8.629000000000000004e-01
2.442251701199131264e-01 8.639999999999999902e-01
2.442192229456721098e-01 8.639999999999999902e-01
2.442144437958653769e-01 8.639999999999999902e-01
2.442144437958653769e-01 8.639999999999999902e-01
2.419744156151020509e-01 8.647000000000000242e-01
2.438117310692371476e-01 8.648000000000000131e-01
2.477670055618881595e-01 8.624000000000000554e-01
2.477044610324614371e-01 8.625000000000000444e-01
2.444864687164279848e-01 8.639000000000000012e-01
2.445156680444999786e-01 8.640999999999999792e-01
2.457049605920248181e-01 8.625000000000000444e-01
2.527103202339123222e-01 8.590999999999999748e-01
2.486201851960144205e-01 8.622999999999999554e-01
2.486179703631363203e-01 8.622999999999999554e-01
2.485906587279109736e-01 8.622999999999999554e-01
2.490107475758686628e-01 8.620999999999999774e-01
2.476519270697096486e-01 8.629000000000000004e-01
2.485206029181425968e-01 8.626000000000000334e-01
2.489041825515802553e-01 8.612999999999999545e-01
2.495864699060140468e-01 8.612999999999999545e-01
2.492551140661460607e-01 8.608000000000000096e-01
2.494523060042877216e-01 8.611999999999999655e-01
2.505106873405874013e-01 8.611999999999999655e-01
2.537717628865576169e-01 8.586000000000000298e-01
2.507425920953764709e-01 8.608999999999999986e-01
2.607293265405026816e-01 8.582999999999999519e-01
2.628155744973927899e-01 8.568999999999999950e-01
2.730169194911553077e-01 8.476000000000000201e-01
2.729155055418671649e-01 8.440999999999999615e-01
2.793021342467316703e-01 8.407999999999999918e-01
2.823032594117786398e-01 8.397000000000000020e-01
2.979970594646323412e-01 8.237999999999999767e-01
2.865103712348107678e-01 8.413000000000000478e-01
3.089729332968546016e-01 8.184000000000000163e-01
3.630844595396007790e-01 7.755999999999999561e-01
3.639938836490145824e-01 7.737000000000000544e-01
3.111085837491455730e-01 8.239999999999999547e-01
3.235639009718617731e-01 8.141000000000000458e-01
3.441349947729899217e-01 7.996999999999999664e-01
3.503174043041907826e-01 7.961000000000000298e-01
3.452924221667487692e-01 7.919000000000000483e-01
3.719151769582302869e-01 7.691000000000000059e-01
4.342930241353417653e-01 7.171999999999999487e-01
4.505055670211801089e-01 7.048999999999999710e-01
3.681303572045317996e-01 7.789000000000000368e-01
3.955551960027199332e-01 7.586000000000000520e-01
4.596434783351431297e-01 7.019999999999999574e-01
5.004358822092593861e-01 6.566999999999999504e-01
4.395294349578985904e-01 7.159999999999999698e-01
4.403067350481915110e-01 7.148999999999999799e-01
4.417386009666135482e-01 7.140999999999999570e-01
4.582859932104884071e-01 6.965000000000000080e-01
4.598585124775990129e-01 7.003000000000000336e-01
4.935804974986337523e-01 6.639000000000000457e-01
4.939007555148756112e-01 6.633000000000000007e-01
4.944948687815826638e-01 6.675999999999999712e-01
4.819664197320274734e-01 6.857999999999999652e-01
4.932556750819601099e-01 6.697999999999999510e-01
5.454876716988458218e-01 6.222999999999999643e-01
5.784409709781297426e-01 5.844000000000000306e-01
4.955651670121032915e-01 6.679000000000000492e-01
5.159845824916365897e-01 6.494999999999999662e-01
5.849142062375191076e-01 5.714000000000000190e-01
6.153176600755535519e-01 5.477999999999999536e-01
5.553556295630188711e-01 6.118000000000000105e-01
6.010952092995217599e-01 5.788999999999999702e-01
6.586673005871825914e-01 5.066000000000000503e-01
7.441049343722349052e-01 3.906000000000000028e-01
6.174346513832136285e-01 5.479000000000000536e-01
6.216823133338700291e-01 5.384999999999999787e-01
6.797298325652616491e-01 4.874999999999999889e-01
7.184076595421482470e-01 4.374000000000000110e-01
6.498703447524424304e-01 5.143999999999999684e-01
6.841683816000977414e-01 4.677999999999999936e-01
6.844116607038005506e-01 4.676000000000000156e-01
7.271035342900670218e-01 4.137000000000000122e-01
6.836314652205464082e-01 4.632999999999999896e-01
6.846558881767796922e-01 4.625000000000000222e-01
7.033556114422969685e-01 4.335999999999999854e-01
8.191664854991705935e-01 2.841000000000000192e-01
7.398131208893615751e-01 4.056000000000000161e-01
7.397473064925116359e-01 4.047000000000000042e-01
7.627047448059298684e-01 3.830000000000000071e-01
7.651855246260280685e-01 3.753000000000000225e-01
8.561264265279241448e-01 2.253000000000000003e-01
9.669438039673504681e-01 1.004000000000000031e-01
9.781429755548523008e-01 9.800000000000000377e-02
9.781429755548523008e-01 9.800000000000000377e-02
8.998053500855618392e-01 1.135000000000000037e-01
8.998053500855618392e-01 1.135000000000000037e-01
8.998053500855618392e-01 1.135000000000000037e-01
8.998053500855618392e-01 1.135000000000000037e-01
8.997311699850877309e-01 1.135000000000000037e-01
8.997311699850877309e-01 1.135000000000000037e-01
8.997311699850877309e-01 1.135000000000000037e-01
8.997311699850877309e-01 1.135000000000000037e-01
8.996864807560559507e-01 1.135000000000000037e-01
8.996864807560559507e-01 1.135000000000000037e-01
8.996864807560559507e-01 1.135000000000000037e-01
8.996864807560559507e-01 1.135000000000000037e-01
8.997017423426862948e-01 1.135000000000000037e-01
8.997017423426862948e-01 1.135000000000000037e-01
8.997017423426862948e-01 1.135000000000000037e-01
8.997017423426862948e-01 1.135000000000000037e-01
8.997865795317390170e-01 1.028000000000000025e-01
8.997865795317390170e-01 1.028000000000000025e-01
8.997865795317390170e-01 1.028000000000000025e-01
8.997865795317390170e-01 1.028000000000000025e-01
8.997302429933325962e-01 1.135000000000000037e-01
8.997302429933325962e-01 1.135000000000000037e-01
8.997302429933325962e-01 1.135000000000000037e-01
8.997302429933325962e-01 1.135000000000000037e-01
8.997791621649655625e-01 1.135000000000000037e-01
8.997791621649655625e-01 1.135000000000000037e-01
8.997791621649655625e-01 1.135000000000000037e-01
8.997791621649655625e-01 1.135000000000000037e-01
8.996750685792330726e-01 1.135000000000000037e-01
8.996750685792330726e-01 1.135000000000000037e-01
8.996750685792330726e-01 1.135000000000000037e-01
8.996750685792330726e-01 1.135000000000000037e-01
