9.941662083588156951e-02 9.528999999999999693e-01
9.941677752151251157e-02 9.528999999999999693e-01
9.941663708930742471e-02 9.528999999999999693e-01
9.941758732335133353e-02 9.528999999999999693e-01
9.941743929148776082e-02 9.528999999999999693e-01
9.941758626022645373e-02 9.527999999999999803e-01
9.941760117576396716e-02 9.527999999999999803e-01
9.941875906984209976e-02 9.526999999999999913e-01
9.941515033017807312e-02 9.526999999999999913e-01
9.941305402758558729e-02 9.526000000000000023e-01
9.941945784096437033e-02 9.526000000000000023e-01
9.942374739524841021e-02 9.527999999999999803e-01
9.942686277942221207e-02 9.528999999999999693e-01
9.943544001556302303e-02 9.526999999999999913e-01
9.944691151015509767e-02 9.526000000000000023e-01
9.944747532236800081e-02 9.526000000000000023e-01
9.944320630884782852e-02 9.527999999999999803e-01
9.944891073593298270e-02 9.526999999999999913e-01
9.943978273662983092e-02 9.527999999999999803e-01
9.944673436288839485e-02 9.526000000000000023e-01
9.945733448812664468e-02 9.526999999999999913e-01
9.946912668046456463e-02 9.526999999999999913e-01
9.946103081190538209e-02 9.526000000000000023e-01
9.943848706800528792e-02 9.526000000000000023e-01
9.945971492293426142e-02 9.527999999999999803e-01
9.946556790683168392e-02 9.528999999999999693e-01
9.946739133292256674e-02 9.528999999999999693e-01
9.949731913643600212e-02 9.525000000000000133e-01
9.950092486480649479e-02 9.526999999999999913e-01
9.951058525313070946e-02 9.527999999999999803e-01
9.950480083990573266e-02 9.527999999999999803e-01
9.951164919589580715e-02 9.526000000000000023e-01
9.949382532424294601e-02 9.526000000000000023e-01
9.953804169762324461e-02 9.526000000000000023e-01
9.954903702679006317e-02 9.523000000000000353e-01
9.954315045097866799e-02 9.525000000000000133e-01
9.956874882403055071e-02 9.525000000000000133e-01
9.957703176701508674e-02 9.524000000000000243e-01
9.957225210104993229e-02 9.525000000000000133e-01
9.956277973216443034e-02 9.524000000000000243e-01
9.955365559305066891e-02 9.524000000000000243e-01
9.955679448472914972e-02 9.525000000000000133e-01
9.956158823746756592e-02 9.525000000000000133e-01
9.958261152633968161e-02 9.522000000000000464e-01
9.956304353142587937e-02 9.526000000000000023e-01
9.957261250937642083e-02 9.520999999999999464e-01
9.951138262894898556e-02 9.526000000000000023e-01
9.955725493359689204e-02 9.520999999999999464e-01
9.955248171567981919e-02 9.525000000000000133e-01
9.954185405380405749e-02 9.523000000000000353e-01
9.955745319379392944e-02 9.524000000000000243e-01
9.961510533588845140e-02 9.524000000000000243e-01
9.961560160314582302e-02 9.524000000000000243e-01
9.966594517123909813e-02 9.526000000000000023e-01
9.974105208690974000e-02 9.525000000000000133e-01
9.975858560224716565e-02 9.523000000000000353e-01
9.978739689170337823e-02 9.524000000000000243e-01
9.986197189639742233e-02 9.526999999999999913e-01
9.989577687427199371e-02 9.526000000000000023e-01
9.991563667679956295e-02 9.526999999999999913e-01
9.998736227178185720e-02 9.527999999999999803e-01
1.000462829936385467e-01 9.528999999999999693e-01
1.000905833137368806e-01 9.527999999999999803e-01
1.001574385852253696e-01 9.525000000000000133e-01
1.002740801793477049e-01 9.525000000000000133e-01
1.002828019877935462e-01 9.524000000000000243e-01
1.002937282467203789e-01 9.525000000000000133e-01
1.003175256698792817e-01 9.524000000000000243e-01
1.003412077491787902e-01 9.524000000000000243e-01
1.003618079906229144e-01 9.523000000000000353e-01
1.004122035372043836e-01 9.524000000000000243e-01
1.003755746218419481e-01 9.526000000000000023e-01
1.004112101159886777e-01 9.526999999999999913e-01
1.004550869882800956e-01 9.524000000000000243e-01
1.005352935872962095e-01 9.525000000000000133e-01
1.005839309654158881e-01 9.523000000000000353e-01
1.006224991963234616e-01 9.526000000000000023e-01
1.006026451988025067e-01 9.530999999999999472e-01
1.006679927697675253e-01 9.532000000000000473e-01
1.006921858529088998e-01 9.530999999999999472e-01
1.006772810877952368e-01 9.529999999999999583e-01
1.007733863107298927e-01 9.526999999999999913e-01
1.007855558480187097e-01 9.526999999999999913e-01
1.007652293893007422e-01 9.526999999999999913e-01
1.007567233140641977e-01 9.525000000000000133e-01
1.007773469890213824e-01 9.527999999999999803e-01
1.008212134450501007e-01 9.524000000000000243e-01
1.009608812983448095e-01 9.524000000000000243e-01
1.010865295324366725e-01 9.518999999999999684e-01
1.011930206490132544e-01 9.519999999999999574e-01
1.012075087214694968e-01 9.517999999999999794e-01
1.011635412958196006e-01 9.518999999999999684e-01
1.012173123926855822e-01 9.526000000000000023e-01
1.013742457715116618e-01 9.525000000000000133e-01
1.014429051519196989e-01 9.525000000000000133e-01
1.014232273078597424e-01 9.524000000000000243e-01
1.014404612260640243e-01 9.526000000000000023e-01
1.014744687536439649e-01 9.526999999999999913e-01
1.015707913304415982e-01 9.523000000000000353e-01
1.016491657372662061e-01 9.528999999999999693e-01
1.017959903763949459e-01 9.523000000000000353e-01
1.018929706771649485e-01 9.519999999999999574e-01
1.018243064485604005e-01 9.518999999999999684e-01
1.017889734848984457e-01 9.519999999999999574e-01
1.018166703359390801e-01 9.526000000000000023e-01
1.018348228499544178e-01 9.519999999999999574e-01
1.019736404718181166e-01 9.523000000000000353e-01
1.020143418848624972e-01 9.520999999999999464e-01
1.019143378629589897e-01 9.517999999999999794e-01
1.020824895740585908e-01 9.520999999999999464e-01
1.021158408036270671e-01 9.520999999999999464e-01
1.021395251020279088e-01 9.518999999999999684e-01
1.022994954270775164e-01 9.516000000000000014e-01
1.022186607867737046e-01 9.516000000000000014e-01
1.023710524261664256e-01 9.517999999999999794e-01
1.024992656285916848e-01 9.519999999999999574e-01
1.025240153417523031e-01 9.517999999999999794e-01
1.025481236809438340e-01 9.517999999999999794e-01
1.026278487322914296e-01 9.514000000000000234e-01
1.025686634129850117e-01 9.517999999999999794e-01
1.025462744187344427e-01 9.514000000000000234e-01
1.025873048531080467e-01 9.512000000000000455e-01
1.024926497261864633e-01 9.510999999999999455e-01
1.026689251421041282e-01 9.512000000000000455e-01
1.027882426184219683e-01 9.509999999999999565e-01
1.028240059602342632e-01 9.510999999999999455e-01
1.029356811808720268e-01 9.513000000000000345e-01
1.030932411860995962e-01 9.510999999999999455e-01
1.033519241137980521e-01 9.506000000000000005e-01
1.034249728981709027e-01 9.510999999999999455e-01
1.034028839946613681e-01 9.510999999999999455e-01
1.036796752968784652e-01 9.507999999999999785e-01
1.037841708762297227e-01 9.513000000000000345e-01
1.036910545491404323e-01 9.512000000000000455e-01
1.037731057382903638e-01 9.518999999999999684e-01
1.037740004838744873e-01 9.519999999999999574e-01
1.038298759040915675e-01 9.515000000000000124e-01
1.039686614852113056e-01 9.518999999999999684e-01
1.040212120254878359e-01 9.514000000000000234e-01
1.039105908053917782e-01 9.512000000000000455e-01
1.037995340957406643e-01 9.508999999999999675e-01
1.039145722810046191e-01 9.512000000000000455e-01
1.041650000896137546e-01 9.516999999999999904e-01
1.042724242359676784e-01 9.518999999999999684e-01
1.044639253857205241e-01 9.509999999999999565e-01
1.044752475897350041e-01 9.510999999999999455e-01
1.046328794755136682e-01 9.509999999999999565e-01
1.047696687269639576e-01 9.508999999999999675e-01
1.049975986589707366e-01 9.509999999999999565e-01
1.051116314715171973e-01 9.500999999999999446e-01
1.052495402607367403e-01 9.510999999999999455e-01
1.054346393850890129e-01 9.508999999999999675e-01
1.056361796215927323e-01 9.502000000000000446e-01
1.058903562789983710e-01 9.496999999999999886e-01
1.060754612088142257e-01 9.495999999999999996e-01
1.064416101261987241e-01 9.495999999999999996e-01
1.064468657117891570e-01 9.489999999999999547e-01
1.067615311226205455e-01 9.485000000000000098e-01
1.068894167288693964e-01 9.492000000000000437e-01
1.069628506451175132e-01 9.496999999999999886e-01
1.071766766113025626e-01 9.492000000000000437e-01
1.071293791269006118e-01 9.497999999999999776e-01
1.072910458487561086e-01 9.506999999999999895e-01
1.074768062291826948e-01 9.508999999999999675e-01
1.074856461082233233e-01 9.507999999999999785e-01
1.075726543222494946e-01 9.509999999999999565e-01
1.077163139632296568e-01 9.505000000000000115e-01
1.077342735186789524e-01 9.505000000000000115e-01
1.079432900713674093e-01 9.498999999999999666e-01
1.081074977011446253e-01 9.496999999999999886e-01
1.080774362996842070e-01 9.495999999999999996e-01
1.081523413710600845e-01 9.496999999999999886e-01
1.082731034745698234e-01 9.497999999999999776e-01
1.082949033892377649e-01 9.493000000000000327e-01
1.086877223941149911e-01 9.495000000000000107e-01
1.089291970449663000e-01 9.489999999999999547e-01
1.091629271739147783e-01 9.493000000000000327e-01
1.093394376968453291e-01 9.497999999999999776e-01
1.093042111569402369e-01 9.492000000000000437e-01
1.096614442367739445e-01 9.491000000000000547e-01
1.096355428359679085e-01 9.492000000000000437e-01
1.100231164746773571e-01 9.492000000000000437e-01
1.098087783539415108e-01 9.489999999999999547e-01
1.097490620579692350e-01 9.498999999999999666e-01
1.097894542349695940e-01 9.498999999999999666e-01
1.098810006099661396e-01 9.492000000000000437e-01
1.102733593225161540e-01 9.493000000000000327e-01
1.103148611425530390e-01 9.489999999999999547e-01
1.105369186563048695e-01 9.488999999999999657e-01
1.107334500190732401e-01 9.482000000000000428e-01
1.110154286062580292e-01 9.486999999999999877e-01
1.114090493526588982e-01 9.486999999999999877e-01
1.117985365744265935e-01 9.478999999999999648e-01
1.119832132356785026e-01 9.478999999999999648e-01
1.119729488180641053e-01 9.481000000000000538e-01
1.125230903765042229e-01 9.474000000000000199e-01
1.132805503574429162e-01 9.482000000000000428e-01
1.137548776495541925e-01 9.471000000000000529e-01
1.139966117636405235e-01 9.475999999999999979e-01
1.147295078232623416e-01 9.475999999999999979e-01
1.146782517334822143e-01 9.465000000000000080e-01
1.143035979471724861e-01 9.475000000000000089e-01
1.145203049066104706e-01 9.474000000000000199e-01
1.150090258143758037e-01 9.473000000000000309e-01
1.153924629989059453e-01 9.477999999999999758e-01
1.159259622258844297e-01 9.478999999999999648e-01
1.161258717741412566e-01 9.478999999999999648e-01
1.162201753537461385e-01 9.475000000000000089e-01
1.162459880057305772e-01 9.471000000000000529e-01
1.166881150416275159e-01 9.468999999999999639e-01
1.167238900794233536e-01 9.473000000000000309e-01
1.164154311286675625e-01 9.468999999999999639e-01
1.165293294875383440e-01 9.471000000000000529e-01
1.168488956294367470e-01 9.475999999999999979e-01
1.171552331921543316e-01 9.469999999999999529e-01
1.172750354129002692e-01 9.472000000000000419e-01
1.177102105577434721e-01 9.465000000000000080e-01
1.179193541703767723e-01 9.465999999999999970e-01
1.184163251197995342e-01 9.467999999999999750e-01
1.190040803808991576e-01 9.465000000000000080e-01
1.191503772717512483e-01 9.468999999999999639e-01
1.201187318878476629e-01 9.463000000000000300e-01
1.203978407214437996e-01 9.465999999999999970e-01
1.206997869786401445e-01 9.465000000000000080e-01
1.222657667563519512e-01 9.446999999999999842e-01
1.228320572740912026e-01 9.445000000000000062e-01
1.228044956345192978e-01 9.446999999999999842e-01
1.231815324706013320e-01 9.451000000000000512e-01
1.233844659152582568e-01 9.449999999999999512e-01
1.230434108682959549e-01 9.445000000000000062e-01
1.237421216701410226e-01 9.443000000000000282e-01
1.242299678415069164e-01 9.437999999999999723e-01
1.248270654635168925e-01 9.442000000000000393e-01
1.247875731920210646e-01 9.443000000000000282e-01
1.247291183335458575e-01 9.439999999999999503e-01
1.261036355331133507e-01 9.427999999999999714e-01
1.266599458139495704e-01 9.425000000000000044e-01
1.265317528757553545e-01 9.431000000000000494e-01
1.260044796251961474e-01 9.432000000000000384e-01
1.267165776819566270e-01 9.421000000000000485e-01
1.272343947628166994e-01 9.425000000000000044e-01
1.280495694970709697e-01 9.415000000000000036e-01
1.288756198885012971e-01 9.413000000000000256e-01
1.298960570657893554e-01 9.405999999999999917e-01
1.297222970797003994e-01 9.405000000000000027e-01
1.312054111643677357e-01 9.405000000000000027e-01
1.318046813588138189e-01 9.395999999999999908e-01
1.327379724875140388e-01 9.393000000000000238e-01
1.330576354496627034e-01 9.401000000000000467e-01
1.326766013817615997e-01 9.401000000000000467e-01
1.325475465727616320e-01 9.402000000000000357e-01
1.324259908337560854e-01 9.403000000000000247e-01
1.329483310189835399e-01 9.403000000000000247e-01
1.333908998640742360e-01 9.405000000000000027e-01
1.343597548034403955e-01 9.395999999999999908e-01
1.351709608045909838e-01 9.398999999999999577e-01
1.354869689986079595e-01 9.396999999999999797e-01
1.355291316907955013e-01 9.391000000000000458e-01
1.356677976683876297e-01 9.396999999999999797e-01
1.364213517915088825e-01 9.381000000000000449e-01
1.369042427665407569e-01 9.385000000000000009e-01
1.377209237779096762e-01 9.375000000000000000e-01
1.394726002165799505e-01 9.378999999999999559e-01
1.398618023542362032e-01 9.375000000000000000e-01
1.416466129287724807e-01 9.371000000000000441e-01
1.414974677194956176e-01 9.372000000000000330e-01
1.434307711413011777e-01 9.360000000000000542e-01
1.435852457694765660e-01 9.354000000000000092e-01
1.446184856117981032e-01 9.360000000000000542e-01
1.455026335898958190e-01 9.338999999999999524e-01
1.468776952837311522e-01 9.338999999999999524e-01
1.486477292750670864e-01 9.335999999999999854e-01
1.474205589418371432e-01 9.338999999999999524e-01
1.487648408282479795e-01 9.324000000000000066e-01
1.495139773673539729e-01 9.325999999999999845e-01
1.502783740358727971e-01 9.321000000000000396e-01
1.527743504982716216e-01 9.290000000000000480e-01
1.543416054888560873e-01 9.291000000000000369e-01
1.552754449322100438e-01 9.285999999999999810e-01
1.564945895076994831e-01 9.275999999999999801e-01
1.572895818162849402e-01 9.288999999999999480e-01
1.579935898247766535e-01 9.291000000000000369e-01
1.615283989536636100e-01 9.291000000000000369e-01
1.620090309574844789e-01 9.274999999999999911e-01
1.628406697607067688e-01 9.273000000000000131e-01
1.644262083607554714e-01 9.261000000000000343e-01
1.652376089829346584e-01 9.244999999999999885e-01
1.650730715177599339e-01 9.251000000000000334e-01
1.669173734664114728e-01 9.251000000000000334e-01
1.685248153161906515e-01 9.235999999999999766e-01
1.689334710436952158e-01 9.260000000000000453e-01
1.678503844948020518e-01 9.268999999999999462e-01
1.677639685364999134e-01 9.245999999999999774e-01
1.689152978518236037e-01 9.258999999999999453e-01
1.705467621238700437e-01 9.250000000000000444e-01
1.716473522486375858e-01 9.257999999999999563e-01
1.737060683261613669e-01 9.237999999999999545e-01
1.757007388988803820e-01 9.231000000000000316e-01
1.757153741183371809e-01 9.231000000000000316e-01
1.757522919669392836e-01 9.232000000000000206e-01
1.758103294635495473e-01 9.230000000000000426e-01
1.758197838113721434e-01 9.229000000000000536e-01
1.757582533406657765e-01 9.231000000000000316e-01
1.760685831751821473e-01 9.227999999999999536e-01
1.759341811438232817e-01 9.230000000000000426e-01
1.759874888476164190e-01 9.230000000000000426e-01
1.763573275530361251e-01 9.229000000000000536e-01
1.761237587764430956e-01 9.227999999999999536e-01
1.760319964893067857e-01 9.227999999999999536e-01
1.760701645515415914e-01 9.222000000000000197e-01
1.761936719910864313e-01 9.223999999999999977e-01
1.766831904474285564e-01 9.215999999999999748e-01
1.770705439734208131e-01 9.220000000000000417e-01
1.780998816971102183e-01 9.206999999999999629e-01
1.787635936939311609e-01 9.204999999999999849e-01
1.792057730474560795e-01 9.196999999999999620e-01
1.801536334800277195e-01 9.187999999999999501e-01
1.801746570056068641e-01 9.183000000000000052e-01
1.817612431757908431e-01 9.177999999999999492e-01
1.833667686975582467e-01 9.180000000000000382e-01
1.840517132816809065e-01 9.183000000000000052e-01
-1.000000000000000000e+00 -1.000000000000000000e+00
-1.000000000000000000e+00 -1.000000000000000000e+00
-1.000000000000000000e+00 -1.000000000000000000e+00
-1.000000000000000000e+00 -1.000000000000000000e+00
-1.000000000000000000e+00 -1.000000000000000000e+00
-1.000000000000000000e+00 -1.000000000000000000e+00
-1.000000000000000000e+00 -1.000000000000000000e+00
-1.000000000000000000e+00 -1.000000000000000000e+00
-1.000000000000000000e+00 -1.000000000000000000e+00
-1.000000000000000000e+00 -1.000000000000000000e+00
-1.000000000000000000e+00 -1.000000000000000000e+00
-1.000000000000000000e+00 -1.000000000000000000e+00
-1.000000000000000000e+00 -1.000000000000000000e+00
-1.000000000000000000e+00 -1.000000000000000000e+00
-1.000000000000000000e+00 -1.000000000000000000e+00
-1.000000000000000000e+00 -1.000000000000000000e+00
-1.000000000000000000e+00 -1.000000000000000000e+00
-1.000000000000000000e+00 -1.000000000000000000e+00
-1.000000000000000000e+00 -1.000000000000000000e+00
-1.000000000000000000e+00 -1.000000000000000000e+00
-1.000000000000000000e+00 -1.000000000000000000e+00
-1.000000000000000000e+00 -1.000000000000000000e+00
-1.000000000000000000e+00 -1.000000000000000000e+00
-1.000000000000000000e+00 -1.000000000000000000e+00
-1.000000000000000000e+00 -1.000000000000000000e+00
-1.000000000000000000e+00 -1.000000000000000000e+00
-1.000000000000000000e+00 -1.000000000000000000e+00
-1.000000000000000000e+00 -1.000000000000000000e+00
-1.000000000000000000e+00 -1.000000000000000000e+00
-1.000000000000000000e+00 -1.000000000000000000e+00
-1.000000000000000000e+00 -1.000000000000000000e+00
-1.000000000000000000e+00 -1.000000000000000000e+00
-1.000000000000000000e+00 -1.000000000000000000e+00
-1.000000000000000000e+00 -1.000000000000000000e+00
-1.000000000000000000e+00 -1.000000000000000000e+00
-1.000000000000000000e+00 -1.000000000000000000e+00
-1.000000000000000000e+00 -1.000000000000000000e+00
-1.000000000000000000e+00 -1.000000000000000000e+00
-1.000000000000000000e+00 -1.000000000000000000e+00
-1.000000000000000000e+00 -1.000000000000000000e+00
-1.000000000000000000e+00 -1.000000000000000000e+00
-1.000000000000000000e+00 -1.000000000000000000e+00
-1.000000000000000000e+00 -1.000000000000000000e+00
-1.000000000000000000e+00 -1.000000000000000000e+00
-1.000000000000000000e+00 -1.000000000000000000e+00
-1.000000000000000000e+00 -1.000000000000000000e+00
-1.000000000000000000e+00 -1.000000000000000000e+00
-1.000000000000000000e+00 -1.000000000000000000e+00
-1.000000000000000000e+00 -1.000000000000000000e+00
-1.000000000000000000e+00 -1.000000000000000000e+00
-1.000000000000000000e+00 -1.000000000000000000e+00
-1.000000000000000000e+00 -1.000000000000000000e+00
-1.000000000000000000e+00 -1.000000000000000000e+00
-1.000000000000000000e+00 -1.000000000000000000e+00
-1.000000000000000000e+00 -1.000000000000000000e+00
-1.000000000000000000e+00 -1.000000000000000000e+00
-1.000000000000000000e+00 -1.000000000000000000e+00
-1.000000000000000000e+00 -1.000000000000000000e+00
-1.000000000000000000e+00 -1.000000000000000000e+00
-1.000000000000000000e+00 -1.000000000000000000e+00
-1.000000000000000000e+00 -1.000000000000000000e+00
-1.000000000000000000e+00 -1.000000000000000000e+00
-1.000000000000000000e+00 -1.000000000000000000e+00
-1.000000000000000000e+00 -1.000000000000000000e+00
-1.000000000000000000e+00 -1.000000000000000000e+00
-1.000000000000000000e+00 -1.000000000000000000e+00
-1.000000000000000000e+00 -1.000000000000000000e+00
-1.000000000000000000e+00 -1.000000000000000000e+00
-1.000000000000000000e+00 -1.000000000000000000e+00
-1.000000000000000000e+00 -1.000000000000000000e+00
-1.000000000000000000e+00 -1.000000000000000000e+00
-1.000000000000000000e+00 -1.000000000000000000e+00
-1.000000000000000000e+00 -1.000000000000000000e+00
-1.000000000000000000e+00 -1.000000000000000000e+00
-1.000000000000000000e+00 -1.000000000000000000e+00
-1.000000000000000000e+00 -1.000000000000000000e+00
-1.000000000000000000e+00 -1.000000000000000000e+00
-1.000000000000000000e+00 -1.000000000000000000e+00
-1.000000000000000000e+00 -1.000000000000000000e+00
-1.000000000000000000e+00 -1.000000000000000000e+00
-1.000000000000000000e+00 -1.000000000000000000e+00
-1.000000000000000000e+00 -1.000000000000000000e+00
-1.000000000000000000e+00 -1.000000000000000000e+00
-1.000000000000000000e+00 -1.000000000000000000e+00
-1.000000000000000000e+00 -1.000000000000000000e+00
-1.000000000000000000e+00 -1.000000000000000000e+00
-1.000000000000000000e+00 -1.000000000000000000e+00
-1.000000000000000000e+00 -1.000000000000000000e+00
-1.000000000000000000e+00 -1.000000000000000000e+00
-1.000000000000000000e+00 -1.000000000000000000e+00
-1.000000000000000000e+00 -1.000000000000000000e+00
-1.000000000000000000e+00 -1.000000000000000000e+00
-1.000000000000000000e+00 -1.000000000000000000e+00
-1.000000000000000000e+00 -1.000000000000000000e+00
-1.000000000000000000e+00 -1.000000000000000000e+00
-1.000000000000000000e+00 -1.000000000000000000e+00
-1.000000000000000000e+00 -1.000000000000000000e+00
-1.000000000000000000e+00 -1.000000000000000000e+00
-1.000000000000000000e+00 -1.000000000000000000e+00
-1.000000000000000000e+00 -1.000000000000000000e+00
-1.000000000000000000e+00 -1.000000000000000000e+00
-1.000000000000000000e+00 -1.000000000000000000e+00
-1.000000000000000000e+00 -1.000000000000000000e+00
-1.000000000000000000e+00 -1.000000000000000000e+00
-1.000000000000000000e+00 -1.000000000000000000e+00
-1.000000000000000000e+00 -1.000000000000000000e+00
-1.000000000000000000e+00 -1.000000000000000000e+00
-1.000000000000000000e+00 -1.000000000000000000e+00
-1.000000000000000000e+00 -1.000000000000000000e+00
-1.000000000000000000e+00 -1.000000000000000000e+00
-1.000000000000000000e+00 -1.000000000000000000e+00
-1.000000000000000000e+00 -1.000000000000000000e+00
-1.000000000000000000e+00 -1.000000000000000000e+00
-1.000000000000000000e+00 -1.000000000000000000e+00
-1.000000000000000000e+00 -1.000000000000000000e+00
-1.000000000000000000e+00 -1.000000000000000000e+00
-1.000000000000000000e+00 -1.000000000000000000e+00
-1.000000000000000000e+00 -1.000000000000000000e+00
-1.000000000000000000e+00 -1.000000000000000000e+00
-1.000000000000000000e+00 -1.000000000000000000e+00
-1.000000000000000000e+00 -1.000000000000000000e+00
-1.000000000000000000e+00 -1.000000000000000000e+00
-1.000000000000000000e+00 -1.000000000000000000e+00
-1.000000000000000000e+00 -1.000000000000000000e+00
-1.000000000000000000e+00 -1.000000000000000000e+00
-1.000000000000000000e+00 -1.000000000000000000e+00
-1.000000000000000000e+00 -1.000000000000000000e+00
-1.000000000000000000e+00 -1.000000000000000000e+00
-1.000000000000000000e+00 -1.000000000000000000e+00
-1.000000000000000000e+00 -1.000000000000000000e+00
-1.000000000000000000e+00 -1.000000000000000000e+00
-1.000000000000000000e+00 -1.000000000000000000e+00
-1.000000000000000000e+00 -1.000000000000000000e+00
-1.000000000000000000e+00 -1.000000000000000000e+00
-1.000000000000000000e+00 -1.000000000000000000e+00
-1.000000000000000000e+00 -1.000000000000000000e+00
-1.000000000000000000e+00 -1.000000000000000000e+00
-1.000000000000000000e+00 -1.000000000000000000e+00
-1.000000000000000000e+00 -1.000000000000000000e+00
-1.000000000000000000e+00 -1.000000000000000000e+00
-1.000000000000000000e+00 -1.000000000000000000e+00
-1.000000000000000000e+00 -1.000000000000000000e+00
-1.000000000000000000e+00 -1.000000000000000000e+00
-1.000000000000000000e+00 -1.000000000000000000e+00
-1.000000000000000000e+00 -1.000000000000000000e+00
-1.000000000000000000e+00 -1.000000000000000000e+00
-1.000000000000000000e+00 -1.000000000000000000e+00
-1.000000000000000000e+00 -1.000000000000000000e+00
-1.000000000000000000e+00 -1.000000000000000000e+00
-1.000000000000000000e+00 -1.000000000000000000e+00
-1.000000000000000000e+00 -1.000000000000000000e+00
-1.000000000000000000e+00 -1.000000000000000000e+00
-1.000000000000000000e+00 -1.000000000000000000e+00
-1.000000000000000000e+00 -1.000000000000000000e+00
-1.000000000000000000e+00 -1.000000000000000000e+00
-1.000000000000000000e+00 -1.000000000000000000e+00
-1.000000000000000000e+00 -1.000000000000000000e+00
-1.000000000000000000e+00 -1.000000000000000000e+00
-1.000000000000000000e+00 -1.000000000000000000e+00
-1.000000000000000000e+00 -1.000000000000000000e+00
-1.000000000000000000e+00 -1.000000000000000000e+00
-1.000000000000000000e+00 -1.000000000000000000e+00
-1.000000000000000000e+00 -1.000000000000000000e+00
-1.000000000000000000e+00 -1.000000000000000000e+00
-1.000000000000000000e+00 -1.000000000000000000e+00
-1.000000000000000000e+00 -1.000000000000000000e+00
-1.000000000000000000e+00 -1.000000000000000000e+00
-1.000000000000000000e+00 -1.000000000000000000e+00
-1.000000000000000000e+00 -1.000000000000000000e+00
-1.000000000000000000e+00 -1.000000000000000000e+00
-1.000000000000000000e+00 -1.000000000000000000e+00
-1.000000000000000000e+00 -1.000000000000000000e+00
-1.000000000000000000e+00 -1.000000000000000000e+00
-1.000000000000000000e+00 -1.000000000000000000e+00
-1.000000000000000000e+00 -1.000000000000000000e+00
-1.000000000000000000e+00 -1.000000000000000000e+00
-1.000000000000000000e+00 -1.000000000000000000e+00
-1.000000000000000000e+00 -1.000000000000000000e+00
-1.000000000000000000e+00 -1.000000000000000000e+00
-1.000000000000000000e+00 -1.000000000000000000e+00
-1.000000000000000000e+00 -1.000000000000000000e+00
-1.000000000000000000e+00 -1.000000000000000000e+00
-1.000000000000000000e+00 -1.000000000000000000e+00
-1.000000000000000000e+00 -1.000000000000000000e+00
-1.000000000000000000e+00 -1.000000000000000000e+00
-1.000000000000000000e+00 -1.000000000000000000e+00
-1.000000000000000000e+00 -1.000000000000000000e+00
-1.000000000000000000e+00 -1.000000000000000000e+00
-1.000000000000000000e+00 -1.000000000000000000e+00
-1.000000000000000000e+00 -1.000000000000000000e+00
-1.000000000000000000e+00 -1.000000000000000000e+00
-1.000000000000000000e+00 -1.000000000000000000e+00
-1.000000000000000000e+00 -1.000000000000000000e+00
-1.000000000000000000e+00 -1.000000000000000000e+00
-1.000000000000000000e+00 -1.000000000000000000e+00
-1.000000000000000000e+00 -1.000000000000000000e+00
-1.000000000000000000e+00 -1.000000000000000000e+00
-1.000000000000000000e+00 -1.000000000000000000e+00
-1.000000000000000000e+00 -1.000000000000000000e+00
-1.000000000000000000e+00 -1.000000000000000000e+00
-1.000000000000000000e+00 -1.000000000000000000e+00
-1.000000000000000000e+00 -1.000000000000000000e+00
-1.000000000000000000e+00 -1.000000000000000000e+00
-1.000000000000000000e+00 -1.000000000000000000e+00
-1.000000000000000000e+00 -1.000000000000000000e+00
-1.000000000000000000e+00 -1.000000000000000000e+00
-1.000000000000000000e+00 -1.000000000000000000e+00
-1.000000000000000000e+00 -1.000000000000000000e+00
-1.000000000000000000e+00 -1.000000000000000000e+00
-1.000000000000000000e+00 -1.000000000000000000e+00
-1.000000000000000000e+00 -1.000000000000000000e+00
-1.000000000000000000e+00 -1.000000000000000000e+00
