9.941662083588156951e-02 9.528999999999999693e-01
9.940177979668507469e-02 9.530999999999999472e-01
9.941123922050462691e-02 9.527999999999999803e-01
9.941679948680641477e-02 9.528999999999999693e-01
9.941994154695678321e-02 9.527999999999999803e-01
9.946378314845384649e-02 9.527999999999999803e-01
9.951817092886071359e-02 9.526000000000000023e-01
9.952855605881719137e-02 9.528999999999999693e-01
9.959811591940452569e-02 9.532000000000000473e-01
9.965608857826790956e-02 9.526000000000000023e-01
9.971438416506547830e-02 9.526999999999999913e-01
9.983637161445851893e-02 9.522000000000000464e-01
9.997459263937873153e-02 9.524000000000000243e-01
1.000193097749147858e-01 9.527999999999999803e-01
1.001609572450648245e-01 9.526999999999999913e-01
1.003598763257589899e-01 9.525000000000000133e-01
1.006271511304578370e-01 9.526000000000000023e-01
1.009422303244036229e-01 9.523000000000000353e-01
1.014026558613273787e-01 9.519999999999999574e-01
1.021035158275895860e-01 9.520999999999999464e-01
1.023182011605397873e-01 9.523000000000000353e-01
1.026881272532156747e-01 9.525000000000000133e-01
1.027891657485247995e-01 9.518999999999999684e-01
1.037253658818715896e-01 9.510999999999999455e-01
1.044267568739898067e-01 9.514000000000000234e-01
1.052682662538298314e-01 9.503000000000000336e-01
1.056383484444097104e-01 9.510999999999999455e-01
1.069041421137544440e-01 9.495999999999999996e-01
1.081511242474641199e-01 9.493000000000000327e-01
1.091960346940837601e-01 9.492000000000000437e-01
1.101342416161392307e-01 9.483000000000000318e-01
1.113461778265903562e-01 9.481000000000000538e-01
1.139510999777497979e-01 9.475000000000000089e-01
1.159093576977484469e-01 9.463000000000000300e-01
1.167328158727244658e-01 9.467999999999999750e-01
1.183992754522118079e-01 9.458999999999999631e-01
1.210380640607595093e-01 9.456999999999999851e-01
1.261196058827828148e-01 9.455000000000000071e-01
1.313914270065150436e-01 9.414000000000000146e-01
1.352536404754050570e-01 9.407999999999999696e-01
1.429608839091784100e-01 9.393000000000000238e-01
1.452007515718001796e-01 9.393000000000000238e-01
1.511322327040115487e-01 9.391000000000000458e-01
1.593982431013966361e-01 9.374000000000000110e-01
1.778501439435329623e-01 9.316999999999999726e-01
2.110011743962646458e-01 9.187999999999999501e-01
2.433878429786087150e-01 9.059000000000000385e-01
2.499871166622729124e-01 9.072999999999999954e-01
2.813602639701294761e-01 8.941000000000000059e-01
2.922834655152761751e-01 8.911999999999999922e-01
3.292540267281690580e-01 8.777000000000000357e-01
3.349158375031989765e-01 8.780000000000000027e-01
4.049690217025805894e-01 8.408999999999999808e-01
4.356522144741005187e-01 8.258999999999999675e-01
5.109926133802216164e-01 8.037999999999999590e-01
6.783796517180520347e-01 6.151999999999999691e-01
8.189019713382352794e-01 5.707999999999999741e-01
9.529132908245164790e-01 5.108000000000000318e-01
1.112637651880136858e+00 3.538000000000000034e-01
6.028303162478335642e-01 7.056000000000000050e-01
6.028303162478335642e-01 7.056000000000000050e-01
6.028303162478335642e-01 7.056000000000000050e-01
6.028303162478335642e-01 7.056000000000000050e-01
6.028303162478335642e-01 7.056000000000000050e-01
6.028303162478335642e-01 7.056000000000000050e-01
6.028303162478335642e-01 7.056000000000000050e-01
6.028303162478335642e-01 7.056000000000000050e-01
6.028303162478335642e-01 7.056000000000000050e-01
6.028303162478335642e-01 7.056000000000000050e-01
6.028303162478335642e-01 7.056000000000000050e-01
6.028303162478335642e-01 7.056000000000000050e-01
6.028303162478335642e-01 7.056000000000000050e-01
6.028303162478335642e-01 7.056000000000000050e-01
6.028303162478335642e-01 7.056000000000000050e-01
6.028303162478335642e-01 7.056000000000000050e-01
6.028303162478335642e-01 7.056000000000000050e-01
6.028303162478335642e-01 7.056000000000000050e-01
6.028303162478335642e-01 7.056000000000000050e-01
6.028303162478335642e-01 7.056000000000000050e-01
6.028303162478335642e-01 7.056000000000000050e-01
6.028303162478335642e-01 7.056000000000000050e-01
6.028303162478335642e-01 7.056000000000000050e-01
6.028303162478335642e-01 7.056000000000000050e-01
6.028303162478335642e-01 7.056000000000000050e-01
6.028303162478335642e-01 7.056000000000000050e-01
6.028303162478335642e-01 7.056000000000000050e-01
6.028303162478335642e-01 7.056000000000000050e-01
6.028303162478335642e-01 7.056000000000000050e-01
6.028303162478335642e-01 7.056000000000000050e-01
6.028303162478335642e-01 7.056000000000000050e-01
6.028303162478335642e-01 7.056000000000000050e-01
6.028303162478335642e-01 7.056000000000000050e-01
6.028303162478335642e-01 7.056000000000000050e-01
6.028303162478335642e-01 7.056000000000000050e-01
6.028303162478335642e-01 7.056000000000000050e-01
6.028303162478335642e-01 7.056000000000000050e-01
6.028303162478335642e-01 7.056000000000000050e-01
6.028303162478335642e-01 7.056000000000000050e-01
6.028303162478335642e-01 7.056000000000000050e-01
6.028303162478335642e-01 7.056000000000000050e-01
6.028303162478335642e-01 7.056000000000000050e-01
6.028303162478335642e-01 7.056000000000000050e-01
6.028303162478335642e-01 7.056000000000000050e-01
6.028303162478335642e-01 7.056000000000000050e-01
6.028303162478335642e-01 7.056000000000000050e-01
6.028303162478335642e-01 7.056000000000000050e-01
6.028303162478335642e-01 7.056000000000000050e-01
6.028303162478335642e-01 7.056000000000000050e-01
6.028303162478335642e-01 7.056000000000000050e-01
6.028303162478335642e-01 7.056000000000000050e-01
6.028303162478335642e-01 7.056000000000000050e-01
6.028303162478335642e-01 7.056000000000000050e-01
6.028303162478335642e-01 7.056000000000000050e-01
6.028303162478335642e-01 7.056000000000000050e-01
6.028303162478335642e-01 7.056000000000000050e-01
6.028303162478335642e-01 7.056000000000000050e-01
6.028303162478335642e-01 7.056000000000000050e-01
6.028303162478335642e-01 7.056000000000000050e-01
6.028303162478335642e-01 7.056000000000000050e-01
6.028303162478335642e-01 7.056000000000000050e-01
6.028303162478335642e-01 7.056000000000000050e-01
6.028303162478335642e-01 7.056000000000000050e-01
6.028303162478335642e-01 7.056000000000000050e-01
6.028303162478335642e-01 7.056000000000000050e-01
6.028303162478335642e-01 7.056000000000000050e-01
6.028303162478335642e-01 7.056000000000000050e-01
6.028303162478335642e-01 7.056000000000000050e-01
6.028303162478335642e-01 7.056000000000000050e-01
6.028303162478335642e-01 7.056000000000000050e-01
6.028303162478335642e-01 7.056000000000000050e-01
6.028303162478335642e-01 7.056000000000000050e-01
6.028303162478335642e-01 7.056000000000000050e-01
6.028303162478335642e-01 7.056000000000000050e-01
6.028303162478335642e-01 7.056000000000000050e-01
6.028303162478335642e-01 7.056000000000000050e-01
6.028303162478335642e-01 7.056000000000000050e-01
6.028303162478335642e-01 7.056000000000000050e-01
6.028303162478335642e-01 7.056000000000000050e-01
6.028303162478335642e-01 7.056000000000000050e-01
6.028303162478335642e-01 7.056000000000000050e-01
6.028303162478335642e-01 7.056000000000000050e-01
6.028303162478335642e-01 7.056000000000000050e-01
6.028303162478335642e-01 7.056000000000000050e-01
6.028303162478335642e-01 7.056000000000000050e-01
6.028303162478335642e-01 7.056000000000000050e-01
6.028303162478335642e-01 7.056000000000000050e-01
6.028303162478335642e-01 7.056000000000000050e-01
6.028303162478335642e-01 7.056000000000000050e-01
6.028303162478335642e-01 7.056000000000000050e-01
6.028303162478335642e-01 7.056000000000000050e-01
6.028303162478335642e-01 7.056000000000000050e-01
6.028303162478335642e-01 7.056000000000000050e-01
6.028303162478335642e-01 7.056000000000000050e-01
6.028303162478335642e-01 7.056000000000000050e-01
6.028303162478335642e-01 7.056000000000000050e-01
6.028303162478335642e-01 7.056000000000000050e-01
6.028303162478335642e-01 7.056000000000000050e-01
6.028303162478335642e-01 7.056000000000000050e-01
6.028303162478335642e-01 7.056000000000000050e-01
6.028303162478335642e-01 7.056000000000000050e-01
6.028303162478335642e-01 7.056000000000000050e-01
6.028303162478335642e-01 7.056000000000000050e-01
6.028303162478335642e-01 7.056000000000000050e-01
6.028303162478335642e-01 7.056000000000000050e-01
6.028303162478335642e-01 7.056000000000000050e-01
6.028303162478335642e-01 7.056000000000000050e-01
6.028303162478335642e-01 7.056000000000000050e-01
6.028303162478335642e-01 7.056000000000000050e-01
6.028303162478335642e-01 7.056000000000000050e-01
6.028303162478335642e-01 7.056000000000000050e-01
6.028303162478335642e-01 7.056000000000000050e-01
6.028303162478335642e-01 7.056000000000000050e-01
6.028303162478335642e-01 7.056000000000000050e-01
6.028303162478335642e-01 7.056000000000000050e-01
6.028303162478335642e-01 7.056000000000000050e-01
6.028303162478335642e-01 7.056000000000000050e-01
6.028303162478335642e-01 7.056000000000000050e-01
6.028303162478335642e-01 7.056000000000000050e-01
6.028303162478335642e-01 7.056000000000000050e-01
6.028303162478335642e-01 7.056000000000000050e-01
6.028303162478335642e-01 7.056000000000000050e-01
6.028303162478335642e-01 7.056000000000000050e-01
6.028303162478335642e-01 7.056000000000000050e-01
6.028303162478335642e-01 7.056000000000000050e-01
6.028303162478335642e-01 7.056000000000000050e-01
6.028303162478335642e-01 7.056000000000000050e-01
6.028303162478335642e-01 7.056000000000000050e-01
6.028303162478335642e-01 7.056000000000000050e-01
6.028303162478335642e-01 7.056000000000000050e-01
6.028303162478335642e-01 7.056000000000000050e-01
6.028303162478335642e-01 7.056000000000000050e-01
6.028303162478335642e-01 7.056000000000000050e-01
6.028303162478335642e-01 7.056000000000000050e-01
6.028303162478335642e-01 7.056000000000000050e-01
6.028303162478335642e-01 7.056000000000000050e-01
6.028303162478335642e-01 7.056000000000000050e-01
6.028303162478335642e-01 7.056000000000000050e-01
6.028303162478335642e-01 7.056000000000000050e-01
6.028303162478335642e-01 7.056000000000000050e-01
6.028303162478335642e-01 7.056000000000000050e-01
6.028303162478335642e-01 7.056000000000000050e-01
6.028303162478335642e-01 7.056000000000000050e-01
6.028303162478335642e-01 7.056000000000000050e-01
6.028303162478335642e-01 7.056000000000000050e-01
6.028303162478335642e-01 7.056000000000000050e-01
6.028303162478335642e-01 7.056000000000000050e-01
6.028303162478335642e-01 7.056000000000000050e-01
6.028303162478335642e-01 7.056000000000000050e-01
6.028303162478335642e-01 7.056000000000000050e-01
6.028303162478335642e-01 7.056000000000000050e-01
6.028303162478335642e-01 7.056000000000000050e-01
6.028303162478335642e-01 7.056000000000000050e-01
6.028303162478335642e-01 7.056000000000000050e-01
6.028303162478335642e-01 7.056000000000000050e-01
6.028303162478335642e-01 7.056000000000000050e-01
6.028303162478335642e-01 7.056000000000000050e-01
6.028303162478335642e-01 7.056000000000000050e-01
6.028303162478335642e-01 7.056000000000000050e-01
6.028303162478335642e-01 7.056000000000000050e-01
6.028303162478335642e-01 7.056000000000000050e-01
6.028303162478335642e-01 7.056000000000000050e-01
6.028303162478335642e-01 7.056000000000000050e-01
6.028303162478335642e-01 7.056000000000000050e-01
6.028303162478335642e-01 7.056000000000000050e-01
6.028303162478335642e-01 7.056000000000000050e-01
6.028303162478335642e-01 7.056000000000000050e-01
6.028303162478335642e-01 7.056000000000000050e-01
6.028303162478335642e-01 7.056000000000000050e-01
6.028303162478335642e-01 7.056000000000000050e-01
6.028303162478335642e-01 7.056000000000000050e-01
6.028303162478335642e-01 7.056000000000000050e-01
6.028303162478335642e-01 7.056000000000000050e-01
6.028303162478335642e-01 7.056000000000000050e-01
6.028303162478335642e-01 7.056000000000000050e-01
6.028303162478335642e-01 7.056000000000000050e-01
6.028303162478335642e-01 7.056000000000000050e-01
6.028303162478335642e-01 7.056000000000000050e-01
6.028303262465174450e-01 7.056000000000000050e-01
6.028301792358359279e-01 7.056000000000000050e-01
6.028300687116042722e-01 7.056000000000000050e-01
6.028300442952927440e-01 7.056000000000000050e-01
6.028296522925855605e-01 7.056000000000000050e-01
6.028302100754248105e-01 7.056000000000000050e-01
6.028308322337269098e-01 7.056000000000000050e-01
6.028320188278636360e-01 7.056000000000000050e-01
6.028315867146885054e-01 7.056999999999999940e-01
6.028297851354468273e-01 7.056999999999999940e-01
6.028310009926967084e-01 7.056999999999999940e-01
6.028328711567508824e-01 7.056999999999999940e-01
6.028321775420686368e-01 7.056999999999999940e-01
6.028351522773829352e-01 7.056999999999999940e-01
6.028347758084986463e-01 7.056000000000000050e-01
6.028343005620113715e-01 7.056000000000000050e-01
6.028336204755797567e-01 7.056000000000000050e-01
6.028363923114703482e-01 7.056000000000000050e-01
6.028367019725296982e-01 7.056000000000000050e-01
6.028339109050825373e-01 7.056000000000000050e-01
6.028382125224825971e-01 7.056999999999999940e-01
6.028294308710915317e-01 7.056000000000000050e-01
6.028321550906581283e-01 7.055000000000000160e-01
6.028250196465013699e-01 7.056000000000000050e-01
6.028206286575010786e-01 7.055000000000000160e-01
6.028149436513956516e-01 7.056999999999999940e-01
6.028108958650931770e-01 7.056999999999999940e-01
6.028049879691292912e-01 7.057999999999999829e-01
6.027953377902770526e-01 7.057999999999999829e-01
6.027916163154257712e-01 7.058999999999999719e-01
6.027920997298100714e-01 7.058999999999999719e-01
6.027805910147795432e-01 7.059999999999999609e-01
6.027939499462913187e-01 7.058999999999999719e-01
6.027941316954551487e-01 7.060999999999999499e-01
6.027932564108212654e-01 7.059999999999999609e-01
6.027994491632107099e-01 7.056000000000000050e-01
6.027952983118424202e-01 7.058999999999999719e-01
6.027920063091417591e-01 7.058999999999999719e-01
6.027824384361171184e-01 7.058999999999999719e-01
6.027835925589360988e-01 7.062000000000000499e-01
6.027635873234074015e-01 7.060999999999999499e-01
6.027539617254979998e-01 7.064000000000000279e-01
6.027345767843863555e-01 7.063000000000000389e-01
6.027620996043631107e-01 7.064000000000000279e-01
6.027731425687108402e-01 7.064000000000000279e-01
6.027752509580930340e-01 7.060999999999999499e-01
6.027925335067029211e-01 7.058999999999999719e-01
6.027880702947098213e-01 7.057999999999999829e-01
6.027877175673819199e-01 7.059999999999999609e-01
6.028002209725648042e-01 7.057999999999999829e-01
6.027650647371532999e-01 7.059999999999999609e-01
6.027868792213187943e-01 7.057999999999999829e-01
6.028080215135890318e-01 7.056000000000000050e-01
6.028383975418226681e-01 7.055000000000000160e-01
6.028389935345398465e-01 7.053000000000000380e-01
6.028766802686102988e-01 7.052000000000000490e-01
6.029170845542662915e-01 7.053000000000000380e-01
6.029111958496834456e-01 7.056000000000000050e-01
6.028917398704661812e-01 7.052000000000000490e-01
6.028729699141592846e-01 7.055000000000000160e-01
6.028304522867744542e-01 7.057999999999999829e-01
6.028383102921022196e-01 7.054000000000000270e-01
6.028222717105192752e-01 7.058999999999999719e-01
6.028608904502307242e-01 7.054000000000000270e-01
6.028554567105497419e-01 7.055000000000000160e-01
6.028348761267120492e-01 7.049999999999999600e-01
6.028406430495186763e-01 7.050999999999999490e-01
6.028447215141015114e-01 7.046999999999999931e-01
6.028463144514892846e-01 7.046999999999999931e-01
6.028927125158256572e-01 7.046000000000000041e-01
6.029010515679238402e-01 7.048999999999999710e-01
6.029224244276654154e-01 7.046999999999999931e-01
6.029761012960052069e-01 7.047999999999999821e-01
6.029457645495156504e-01 7.047999999999999821e-01
6.030406866828459389e-01 7.050999999999999490e-01
6.029933564415226321e-01 7.045000000000000151e-01
6.030899335889589041e-01 7.046000000000000041e-01
6.030906367036680260e-01 7.048999999999999710e-01
6.030335448330229609e-01 7.046999999999999931e-01
6.030750810940140871e-01 7.047999999999999821e-01
6.031526597538684475e-01 7.049999999999999600e-01
6.031495726270635904e-01 7.045000000000000151e-01
6.030906194380054597e-01 7.049999999999999600e-01
6.029996121933023367e-01 7.047999999999999821e-01
6.029954659166715247e-01 7.049999999999999600e-01
6.029549581412340098e-01 7.050999999999999490e-01
6.027944158208936587e-01 7.055000000000000160e-01
6.028166411895995447e-01 7.052000000000000490e-01
6.027206491487763218e-01 7.054000000000000270e-01
6.027287150815107131e-01 7.050999999999999490e-01
6.028204492883616483e-01 7.053000000000000380e-01
6.028182606962468881e-01 7.050999999999999490e-01
6.028998137002357094e-01 7.055000000000000160e-01
6.028654961083671493e-01 7.054000000000000270e-01
6.029799937953683742e-01 7.050999999999999490e-01
6.028377155861150971e-01 7.053000000000000380e-01
6.029672954911214910e-01 7.052000000000000490e-01
6.030261197412831731e-01 7.057999999999999829e-01
6.029210259561756935e-01 7.059999999999999609e-01
6.031650076353872736e-01 7.053000000000000380e-01
6.030659440712990982e-01 7.054000000000000270e-01
6.030139414055114555e-01 7.050999999999999490e-01
6.029443918441191874e-01 7.052000000000000490e-01
6.032560714979382510e-01 7.049999999999999600e-01
6.033621618754515525e-01 7.048999999999999710e-01
6.034208746186804362e-01 7.052000000000000490e-01
6.032917636102099745e-01 7.063000000000000389e-01
6.034301545150075885e-01 7.059999999999999609e-01
6.032453135622534157e-01 7.057999999999999829e-01
6.034041849677468372e-01 7.054000000000000270e-01
6.030786758625584776e-01 7.045000000000000151e-01
6.031793779061420668e-01 7.049999999999999600e-01
6.031976304708640546e-01 7.047999999999999821e-01
6.030158348764059761e-01 7.056999999999999940e-01
6.028163353954903991e-01 7.059999999999999609e-01
6.027230073699761936e-01 7.066000000000000059e-01
6.027048520314099989e-01 7.062000000000000499e-01
6.028384665327256586e-01 7.057999999999999829e-01
6.029922513430202580e-01 7.055000000000000160e-01
6.029941040924804430e-01 7.063000000000000389e-01
6.028450574940982243e-01 7.069999999999999618e-01
6.025460862673153173e-01 7.077999999999999847e-01
6.026215013912564755e-01 7.086999999999999966e-01
6.025434833289415870e-01 7.083000000000000407e-01
6.024658745066261423e-01 7.082000000000000517e-01
6.024721862302918618e-01 7.083000000000000407e-01
6.024641512292203682e-01 7.078999999999999737e-01
6.029036085200972783e-01 7.078999999999999737e-01
6.031584654762759401e-01 7.074000000000000288e-01
6.033574850886317398e-01 7.078999999999999737e-01
6.035853155075298071e-01 7.075000000000000178e-01
6.036833040350592094e-01 7.075000000000000178e-01
6.035592657073051148e-01 7.084000000000000297e-01
6.038406658132209337e-01 7.079999999999999627e-01
6.035848692823644335e-01 7.084000000000000297e-01
6.040867257685196279e-01 7.080999999999999517e-01
6.043914632664882935e-01 7.072000000000000508e-01
6.046299935366357126e-01 7.082000000000000517e-01
6.046614491958053339e-01 7.066999999999999948e-01
6.042518319573491059e-01 7.074000000000000288e-01
6.040759071024470739e-01 7.070999999999999508e-01
6.044108695750044502e-01 7.072000000000000508e-01
6.044779245429239278e-01 7.062000000000000499e-01
6.047965025203142497e-01 7.056000000000000050e-01
6.053503630731653651e-01 7.053000000000000380e-01
6.051530157354768624e-01 7.057999999999999829e-01
6.050178329081967732e-01 7.059999999999999609e-01
6.049460957744305922e-01 7.064000000000000279e-01
6.042064035628683660e-01 7.076000000000000068e-01
6.038221368986683713e-01 7.073000000000000398e-01
6.036479796051822388e-01 7.075000000000000178e-01
6.040201476985019857e-01 7.067999999999999838e-01
6.040910952521821864e-01 7.072000000000000508e-01
6.047611715682139621e-01 7.059999999999999609e-01
6.044962482451055052e-01 7.062000000000000499e-01
6.046541870264153795e-01 7.060999999999999499e-01
6.049683899982697399e-01 7.073000000000000398e-01
6.058922937410842202e-01 7.043000000000000371e-01
6.065997963934827153e-01 7.039999999999999591e-01
6.065325407028965277e-01 7.036000000000000032e-01
6.072988502639627972e-01 7.006999999999999895e-01
6.068517266306131530e-01 7.017999999999999794e-01
6.077930776112367983e-01 6.995000000000000107e-01
6.073097620222781545e-01 7.003000000000000336e-01
6.064419898545663212e-01 7.022000000000000464e-01
6.066600507624894112e-01 7.013000000000000345e-01
6.063640808249417535e-01 7.014000000000000234e-01
6.069405433305050668e-01 7.016999999999999904e-01
6.077513722563576692e-01 7.015000000000000124e-01
6.078723397137844042e-01 7.007999999999999785e-01
6.078351832605880523e-01 7.013000000000000345e-01
6.079873974444530704e-01 6.984000000000000208e-01
6.077703216609902093e-01 6.984000000000000208e-01
6.072004086118563126e-01 7.022000000000000464e-01
6.071119164911679134e-01 7.013000000000000345e-01
6.083963048329836809e-01 7.020999999999999464e-01
6.078673406243783051e-01 7.022000000000000464e-01
6.080498003611060076e-01 7.030999999999999472e-01
6.069679049716866226e-01 7.058999999999999719e-01
6.073903209217953458e-01 7.058999999999999719e-01
6.079188275768113714e-01 7.074000000000000288e-01
6.070513000141432025e-01 7.056000000000000050e-01
6.073549763249527222e-01 7.087999999999999856e-01
6.079689243849198954e-01 7.090999999999999526e-01
6.092347941031074354e-01 7.098999999999999755e-01
6.103688686766635119e-01 7.048999999999999710e-01
6.102200944244620118e-01 7.083000000000000407e-01
6.102774465533997716e-01 7.075000000000000178e-01
6.099366452897393431e-01 7.079999999999999627e-01
6.106807778523622998e-01 7.093000000000000416e-01
6.130253905533371572e-01 7.038999999999999702e-01
6.138619212634568445e-01 7.035000000000000142e-01
6.151651298087754682e-01 7.046999999999999931e-01
6.151662867558277403e-01 7.043000000000000371e-01
6.151902925712928738e-01 7.059999999999999609e-01
6.158246482463882732e-01 7.063000000000000389e-01
6.170766442198504231e-01 7.043000000000000371e-01
6.158344226223188000e-01 7.036000000000000032e-01
6.174120343637158337e-01 7.024000000000000243e-01
6.190314985102468581e-01 6.981000000000000538e-01
6.191486186284141935e-01 6.983000000000000318e-01
6.184504904454399821e-01 6.996999999999999886e-01
6.194486432452769309e-01 6.948999999999999622e-01
6.189383193769776303e-01 6.949999999999999512e-01
6.203838270588784010e-01 6.948999999999999622e-01
6.208971179261476570e-01 6.905000000000000027e-01
6.209116313229774420e-01 6.888999999999999568e-01
6.210400795073017788e-01 6.904000000000000137e-01
6.217800675582638714e-01 6.882000000000000339e-01
6.221994327153578253e-01 6.873000000000000220e-01
6.219930331288064940e-01 6.884000000000000119e-01
6.228452211322369481e-01 6.887999999999999678e-01
6.217380297975356740e-01 6.917999999999999705e-01
6.226522922579819097e-01 6.906999999999999806e-01
6.222913281474460323e-01 6.903000000000000247e-01
6.216809813671184681e-01 6.915000000000000036e-01
6.258080710620310683e-01 6.865999999999999881e-01
6.251901872518478287e-01 6.885000000000000009e-01
6.258156676519051054e-01 6.847999999999999643e-01
6.243882944008884994e-01 6.848999999999999533e-01
6.274094640216537622e-01 6.804000000000000048e-01
6.298781452396525760e-01 6.797999999999999599e-01
6.313511782005348794e-01 6.780000000000000471e-01
6.314956156595631365e-01 6.794000000000000039e-01
6.297913793579592578e-01 6.817999999999999616e-01
6.338067723458596925e-01 6.804000000000000048e-01
6.345650711643769926e-01 6.817999999999999616e-01
6.364531870846983352e-01 6.817999999999999616e-01
6.389948645363813240e-01 6.726999999999999647e-01
6.402341439530737643e-01 6.703999999999999959e-01
6.423241202203364697e-01 6.677999999999999492e-01
6.454933704387201265e-01 6.636999999999999567e-01
6.467933326598558352e-01 6.581000000000000183e-01
6.455779686727062261e-01 6.586999999999999522e-01
6.522925714462743940e-01 6.467000000000000526e-01
6.514171146327829565e-01 6.441000000000000059e-01
6.521223033688392512e-01 6.411000000000000032e-01
6.563618305701092170e-01 6.326000000000000512e-01
6.538502448533052291e-01 6.369000000000000217e-01
6.534901376584643096e-01 6.372999999999999776e-01
6.544924851552619272e-01 6.363999999999999657e-01
6.591062163884928715e-01 6.300999999999999934e-01
6.571943585091005735e-01 6.329000000000000181e-01
6.600057439894123634e-01 6.303999999999999604e-01
6.651883973832100061e-01 6.189999999999999947e-01
6.641273995371056449e-01 6.171999999999999709e-01
6.631559096674255471e-01 6.220999999999999863e-01
6.630299923570271980e-01 6.271999999999999797e-01
6.685252331623797728e-01 6.186000000000000387e-01
6.703034355821526624e-01 6.185000000000000497e-01
6.715837285787364941e-01 6.153999999999999471e-01
6.750039365394943092e-01 6.112999999999999545e-01
6.768997963954425101e-01 6.050999999999999712e-01
6.774900055376605890e-01 6.032999999999999474e-01
6.829755793752322335e-01 5.978999999999999870e-01
6.802766071764516642e-01 5.956000000000000183e-01
6.821277430264215402e-01 5.894000000000000350e-01
6.826862182295141412e-01 5.832000000000000517e-01
6.888484875865319434e-01 5.673000000000000265e-01
6.917526888829897969e-01 5.571000000000000396e-01
6.948887991302645784e-01 5.578999999999999515e-01
7.069304348118139458e-01 5.423000000000000043e-01
7.123594774347942193e-01 5.272000000000000020e-01
7.139139156765244021e-01 5.208000000000000407e-01
7.193981578289869727e-01 5.067000000000000393e-01
7.262502256960126079e-01 5.064999999999999503e-01
7.343908613143416142e-01 4.908000000000000140e-01
7.419952582018002341e-01 4.565000000000000169e-01
7.429535741213731947e-01 4.572999999999999843e-01
7.437067034956017508e-01 4.506000000000000005e-01
7.427243867590264115e-01 4.526000000000000023e-01
7.535047163108697932e-01 4.215999999999999748e-01
7.656111165626869886e-01 3.981999999999999984e-01
-1.000000000000000000e+00 -1.000000000000000000e+00
-1.000000000000000000e+00 -1.000000000000000000e+00
-1.000000000000000000e+00 -1.000000000000000000e+00
-1.000000000000000000e+00 -1.000000000000000000e+00
-1.000000000000000000e+00 -1.000000000000000000e+00
-1.000000000000000000e+00 -1.000000000000000000e+00
-1.000000000000000000e+00 -1.000000000000000000e+00
-1.000000000000000000e+00 -1.000000000000000000e+00
-1.000000000000000000e+00 -1.000000000000000000e+00
-1.000000000000000000e+00 -1.000000000000000000e+00
-1.000000000000000000e+00 -1.000000000000000000e+00
-1.000000000000000000e+00 -1.000000000000000000e+00
-1.000000000000000000e+00 -1.000000000000000000e+00
-1.000000000000000000e+00 -1.000000000000000000e+00
-1.000000000000000000e+00 -1.000000000000000000e+00
-1.000000000000000000e+00 -1.000000000000000000e+00
-1.000000000000000000e+00 -1.000000000000000000e+00
-1.000000000000000000e+00 -1.000000000000000000e+00
-1.000000000000000000e+00 -1.000000000000000000e+00
-1.000000000000000000e+00 -1.000000000000000000e+00
-1.000000000000000000e+00 -1.000000000000000000e+00
-1.000000000000000000e+00 -1.000000000000000000e+00
-1.000000000000000000e+00 -1.000000000000000000e+00
