0.000000000000000000e+00 0.000000000000000000e+00 2.339154984563081852e-01 0.000000000000000000e+00 3.019467220525320350e-01 2.952285310532350437e-01 -2.281117349588164256e-01 0.000000000000000000e+00 -4.100473546477946818e-01 2.408971553206372962e-01
4.543854719333143555e-01 4.241907002244845182e-01 4.742821872960067409e-01 0.000000000000000000e+00 -4.434193135503328165e-01 2.746511008275722143e-01 0.000000000000000000e+00 -4.833294979784791834e-01 4.170960656576976344e-01 0.000000000000000000e+00
4.519929793847178301e-01 3.406267064282945123e-01 -2.896527216859474119e-01 -3.536932275599786735e-01 -4.622716735645494013e-01 0.000000000000000000e+00 -3.817840274701785330e-01 0.000000000000000000e+00 2.486436395694643642e-01 4.134989440537143457e-01
4.372778424402921638e-01 0.000000000000000000e+00 4.791966745268006478e-01 0.000000000000000000e+00 0.000000000000000000e+00 4.415151735677662614e-01 2.200079833427259768e-01 0.000000000000000000e+00 0.000000000000000000e+00 -2.391602326101074927e-01
0.000000000000000000e+00 0.000000000000000000e+00 0.000000000000000000e+00 0.000000000000000000e+00 0.000000000000000000e+00 3.106359208409772421e-01 -5.352073813967074267e-01 0.000000000000000000e+00 -2.854795039841277471e-01 0.000000000000000000e+00
2.348087076483139635e-01 -3.552068368471310023e-01 0.000000000000000000e+00 2.923828447690333676e-01 3.479189377152883123e-01 0.000000000000000000e+00 0.000000000000000000e+00 0.000000000000000000e+00 0.000000000000000000e+00 3.822071389431522803e-01
2.333697474104892422e-01 -2.481372903530250917e-01 3.277880358054276466e-01 -3.357207413124743689e-01 -3.462433685283417550e-01 4.129312176907601883e-01 -2.720897644750155386e-01 3.642098634125447987e-01 0.000000000000000000e+00 -4.832432284935592182e-01
0.000000000000000000e+00 5.842043580948975690e-01 3.050285968943474701e-01 -3.990568144352096280e-01 2.196364449960074294e-01 -6.028782177321404534e-01 0.000000000000000000e+00 2.985065604141498019e-01 -2.967909393135641505e-01 0.000000000000000000e+00
2.617032674789461222e-01 4.298969722627098977e-01 0.000000000000000000e+00 -2.889585836833005184e-01 0.000000000000000000e+00 0.000000000000000000e+00 0.000000000000000000e+00 3.253155845191330608e-01 4.438566058329062591e-01 0.000000000000000000e+00
3.899863946109770052e-01 -4.576731293451712923e-01 -4.402177766717755847e-01 0.000000000000000000e+00 -4.452674165141008444e-01 -4.339034827623524659e-01 -5.790390086859686924e-01 2.565022630250528568e-01 4.825759293627536750e-01 2.774821997375669924e-01
0.000000000000000000e+00 0.000000000000000000e+00 0.000000000000000000e+00 -2.808497298089939198e-01 0.000000000000000000e+00 0.000000000000000000e+00 4.210988419745761435e-01 0.000000000000000000e+00 0.000000000000000000e+00 3.641409247185041775e-01
-4.148546091401680846e-01 0.000000000000000000e+00 -2.682455705536540558e-01 0.000000000000000000e+00 -3.582055596679145082e-01 2.358026048188761048e-01 0.000000000000000000e+00 0.000000000000000000e+00 -2.757476142226297777e-01 -4.239227938029565546e-01
-4.458453754464767327e-01 0.000000000000000000e+00 0.000000000000000000e+00 4.254727887953773657e-01 2.282884652023164929e-01 0.000000000000000000e+00 -4.401529345845668351e-01 0.000000000000000000e+00 4.343985911990769222e-01 0.000000000000000000e+00
0.000000000000000000e+00 0.000000000000000000e+00 0.000000000000000000e+00 -4.840212473253198699e-01 -4.343967914245064343e-01 0.000000000000000000e+00 0.000000000000000000e+00 -5.120314673413891571e-01 2.927466151840383279e-01 0.000000000000000000e+00
0.000000000000000000e+00 3.046538750796506378e-01 0.000000000000000000e+00 0.000000000000000000e+00 -5.327339377116875330e-01 0.000000000000000000e+00 0.000000000000000000e+00 5.103277747476500092e-01 -3.230158159881915125e-01 0.000000000000000000e+00
3.070721669253382857e-01 -3.120190635740762164e-01 0.000000000000000000e+00 4.582269115292732509e-01 0.000000000000000000e+00 5.135417102615313922e-01 0.000000000000000000e+00 0.000000000000000000e+00 -2.599907259062536058e-01 0.000000000000000000e+00
3.444573226739676142e-01 -2.910953575544266703e-01 0.000000000000000000e+00 -4.054240494979171050e-01 -4.057718835963696202e-01 0.000000000000000000e+00 0.000000000000000000e+00 0.000000000000000000e+00 -3.738291938972092554e-01 0.000000000000000000e+00
-2.523202261084729336e-01 3.289346401814950416e-01 0.000000000000000000e+00 0.000000000000000000e+00 0.000000000000000000e+00 0.000000000000000000e+00 -3.167267132195434876e-01 -2.468375691768285030e-01 3.176923068359040481e-01 0.000000000000000000e+00
0.000000000000000000e+00 4.281017692292195531e-01 3.216112054650923091e-01 -2.629210162012189933e-01 2.692105432283519173e-01 0.000000000000000000e+00 -2.510614106091192399e-01 2.219274050123128672e-01 0.000000000000000000e+00 0.000000000000000000e+00
4.221037459169836303e-01 0.000000000000000000e+00 -5.008247957536926531e-01 -2.318198096059209401e-01 0.000000000000000000e+00 -3.774021076968908095e-01 0.000000000000000000e+00 0.000000000000000000e+00 0.000000000000000000e+00 4.663712877727839157e-01
0.000000000000000000e+00 -4.488564210134950438e-01 -5.721214724762525572e-01 0.000000000000000000e+00 -2.788370889201727265e-01 0.000000000000000000e+00 -4.766413495086859742e-01 -2.459380719257796832e-01 2.431888702828631232e-01 -2.592767784816700227e-01
-5.695597882452959615e-01 2.926232740954782252e-01 3.664409984399153997e-01 4.151133077310701913e-01 0.000000000000000000e+00 3.175091410894896882e-01 0.000000000000000000e+00 0.000000000000000000e+00 -4.522298636630667223e-01 3.283930520560130462e-01
-3.893070360443295908e-01 -4.009948642264015151e-01 0.000000000000000000e+00 0.000000000000000000e+00 2.741537518383391214e-01 2.363618958208796306e-01 -3.626543181757609369e-01 -2.702194837565857766e-01 -3.741970713482759558e-01 -3.050179390693988357e-01
0.000000000000000000e+00 0.000000000000000000e+00 0.000000000000000000e+00 0.000000000000000000e+00 -4.978545166471808892e-01 2.763790602305661870e-01 -4.277299328234341891e-01 0.000000000000000000e+00 0.000000000000000000e+00 0.000000000000000000e+00
0.000000000000000000e+00 0.000000000000000000e+00 3.504355726946971616e-01 -4.106837087269367137e-01 0.000000000000000000e+00 0.000000000000000000e+00 0.000000000000000000e+00 3.951811759592255835e-01 0.000000000000000000e+00 0.000000000000000000e+00
0.000000000000000000e+00 -2.444302613289420500e-01 0.000000000000000000e+00 2.997821721231906933e-01 0.000000000000000000e+00 4.152088090516102836e-01 0.000000000000000000e+00 0.000000000000000000e+00 4.050936579584786257e-01 -4.952089844654178341e-01
-5.630286853871069308e-01 -3.345091846647714195e-01 0.000000000000000000e+00 3.707352228284810369e-01 0.000000000000000000e+00 0.000000000000000000e+00 0.000000000000000000e+00 0.000000000000000000e+00 0.000000000000000000e+00 4.517457982892700841e-01
5.061836555317630326e-01 -4.613531950050211439e-01 -3.305739267173333218e-01 0.000000000000000000e+00 3.350948548530492399e-01 0.000000000000000000e+00 4.557744454251646538e-01 0.000000000000000000e+00 0.000000000000000000e+00 0.000000000000000000e+00
0.000000000000000000e+00 3.707790956202963173e-01 -2.957610571540679190e-01 0.000000000000000000e+00 4.365022785877473166e-01 0.000000000000000000e+00 2.290751084516222391e-01 4.957866256180021303e-01 2.481228274342899831e-01 0.000000000000000000e+00
0.000000000000000000e+00 -2.672947420214411562e-01 -3.772318374719722534e-01 0.000000000000000000e+00 0.000000000000000000e+00 4.775074079584795683e-01 0.000000000000000000e+00 2.606329928358022685e-01 -3.851703246669501146e-01 3.268753827448679927e-01
4.748727251894362400e-01 -6.228730291158254273e-01 -3.937239890514800944e-01 2.787498520266420976e-01 3.603326035751837075e-01 -4.511358082765878907e-01 0.000000000000000000e+00 0.000000000000000000e+00 3.216649047070884171e-01 0.000000000000000000e+00
0.000000000000000000e+00 -2.247701391762233769e-01 -5.037212629566667488e-01 4.081611227561443567e-01 2.286058995055118004e-01 0.000000000000000000e+00 0.000000000000000000e+00 3.882395529854418825e-01 -2.222910877396846452e-01 -2.595723205469512851e-01
-2.197071406375964708e-01 -5.246851790406100724e-01 2.821077562152267126e-01 3.472147931089132888e-01 0.000000000000000000e+00 2.856221251939434214e-01 -2.274833006470037000e-01 0.000000000000000000e+00 0.000000000000000000e+00 0.000000000000000000e+00
3.504973423448420888e-01 -5.054109943811243566e-01 0.000000000000000000e+00 0.000000000000000000e+00 -2.491855799903060220e-01 2.384052770257039378e-01 0.000000000000000000e+00 -4.919691571382422968e-01 -4.877692150852170894e-01 -4.255651239945225095e-01
3.658242169544218547e-01 -4.094144524392532292e-01 -3.770343220210771729e-01 -5.342526886474351366e-01 -2.464144328849296184e-01 0.000000000000000000e+00 2.456319638153044715e-01 -5.108312775700896147e-01 -4.743120367415452621e-01 0.000000000000000000e+00
-4.588850353834834084e-01 0.000000000000000000e+00 0.000000000000000000e+00 0.000000000000000000e+00 -5.350075183594291683e-01 0.000000000000000000e+00 3.972778467391345769e-01 3.263683910869686899e-01 0.000000000000000000e+00 0.000000000000000000e+00
-2.220114435275133691e-01 2.824185973274270789e-01 0.000000000000000000e+00 -5.286455285909754664e-01 -4.556224311241931502e-01 -3.735481268756001283e-01 0.000000000000000000e+00 -4.237997359627205252e-01 3.176959419042381105e-01 0.000000000000000000e+00
-6.691791379451443866e-01 0.000000000000000000e+00 -6.106492844046815804e-01 -5.257644795632671064e-01 3.834605154982210218e-01 3.880417568569861086e-01 0.000000000000000000e+00 0.000000000000000000e+00 0.000000000000000000e+00 -2.885726339968437415e-01
-3.689741920058458580e-01 0.000000000000000000e+00 3.803315463047935996e-01 0.000000000000000000e+00 4.872255553369051473e-01 0.000000000000000000e+00 3.950243010814434297e-01 0.000000000000000000e+00 3.650102021652750217e-01 0.000000000000000000e+00
0.000000000000000000e+00 -4.734834142053279127e-01 -3.807501734650718395e-01 -4.813259707656794562e-01 2.561570021111650441e-01 -3.049801332542251830e-01 0.000000000000000000e+00 4.703377135296918365e-01 2.779644100103352278e-01 0.000000000000000000e+00
2.602151199427893413e-01 0.000000000000000000e+00 0.000000000000000000e+00 3.772265921447983672e-01 -4.902243954881221888e-01 -3.655934310674653909e-01 5.068265633142438054e-01 0.000000000000000000e+00 3.809470752309900843e-01 0.000000000000000000e+00
-2.893320997144074314e-01 4.007018367423454963e-01 2.522801484607252731e-01 0.000000000000000000e+00 0.000000000000000000e+00 2.547521435013958557e-01 4.697086526132281392e-01 -4.172177162538941442e-01 0.000000000000000000e+00 0.000000000000000000e+00
-3.119601530993509897e-01 -3.912673934620555238e-01 4.561529106347977924e-01 3.236790965313651736e-01 2.696720942787328434e-01 -4.165071070745982040e-01 -3.176775857118906421e-01 4.827166739603283574e-01 0.000000000000000000e+00 4.761414370489014947e-01
0.000000000000000000e+00 3.561272746205023654e-01 -2.986658931567602870e-01 4.204443132405169536e-01 -5.242005699760592385e-01 -2.811762383141458432e-01 -3.286820980591936836e-01 -5.056327161944200732e-01 4.226142420933136634e-01 -5.944842182926655116e-01
0.000000000000000000e+00 0.000000000000000000e+00 -3.889570676932928572e-01 2.614332330427663331e-01 0.000000000000000000e+00 0.000000000000000000e+00 0.000000000000000000e+00 -2.583108998993876582e-01 2.603482642187709972e-01 3.327479089861133943e-01
-2.991949662899646700e-01 0.000000000000000000e+00 3.773884600886815988e-01 4.294179493939919712e-01 -2.699852600776023737e-01 0.000000000000000000e+00 3.944557664750711901e-01 -3.252840149686165305e-01 -4.619598891894969861e-01 3.713156231593013334e-01
0.000000000000000000e+00 -5.402276453916373677e-01 3.962546770394321793e-01 -2.615357745712027504e-01 -2.761496245693887408e-01 2.656959346720346726e-01 0.000000000000000000e+00 0.000000000000000000e+00 0.000000000000000000e+00 2.973499534682457202e-01
4.099183405079434017e-01 0.000000000000000000e+00 0.000000000000000000e+00 0.000000000000000000e+00 0.000000000000000000e+00 -4.696104914996078739e-01 0.000000000000000000e+00 -4.161617140711283414e-01 -3.773312046330944414e-01 0.000000000000000000e+00
0.000000000000000000e+00 0.000000000000000000e+00 0.000000000000000000e+00 3.529733206924994815e-01 0.000000000000000000e+00 2.695095331057281163e-01 -2.173943682729062299e-01 0.000000000000000000e+00 -4.878298908178768656e-01 2.188428402781361082e-01
0.000000000000000000e+00 0.000000000000000000e+00 3.128013000249796338e-01 -3.777350748327575891e-01 0.000000000000000000e+00 3.387208293475427734e-01 3.241852507115691173e-01 0.000000000000000000e+00 -2.665536334241425664e-01 0.000000000000000000e+00
0.000000000000000000e+00 3.601766260948266463e-01 0.000000000000000000e+00 2.732496348877134773e-01 0.000000000000000000e+00 0.000000000000000000e+00 -4.527189341607755213e-01 -2.485304130421217561e-01 -4.544412702808319771e-01 0.000000000000000000e+00
3.606125597481811274e-01 -2.962111796821390586e-01 -4.241344985413584845e-01 4.310568319558080175e-01 -3.307763768163712315e-01 -3.572737519648032656e-01 0.000000000000000000e+00 -3.138490867820679653e-01 -3.790794937775215367e-01 -3.392891698037182602e-01
0.000000000000000000e+00 -4.100705579069043871e-01 0.000000000000000000e+00 4.046295017682655093e-01 3.144037062135051075e-01 2.940270748463937878e-01 0.000000000000000000e+00 0.000000000000000000e+00 -5.021280906080477502e-01 0.000000000000000000e+00
0.000000000000000000e+00 0.000000000000000000e+00 0.000000000000000000e+00 -3.981465158973265250e-01 0.000000000000000000e+00 -2.285816082197333066e-01 0.000000000000000000e+00 -4.585269702310292850e-01 0.000000000000000000e+00 2.175379302789723912e-01
2.691801985750892912e-01 0.000000000000000000e+00 0.000000000000000000e+00 0.000000000000000000e+00 -2.420484945200692406e-01 0.000000000000000000e+00 -2.362031695136655729e-01 0.000000000000000000e+00 4.813628465348550045e-01 -3.713885717582064983e-01
3.263380007184318310e-01 -2.516757234660674247e-01 0.000000000000000000e+00 0.000000000000000000e+00 0.000000000000000000e+00 0.000000000000000000e+00 0.000000000000000000e+00 0.000000000000000000e+00 0.000000000000000000e+00 -3.014030100828818393e-01
0.000000000000000000e+00 0.000000000000000000e+00 0.000000000000000000e+00 3.316803419846562906e-01 0.000000000000000000e+00 0.000000000000000000e+00 0.000000000000000000e+00 0.000000000000000000e+00 0.000000000000000000e+00 0.000000000000000000e+00
3.275595785933717585e-01 -5.856563562005228096e-01 0.000000000000000000e+00 0.000000000000000000e+00 0.000000000000000000e+00 0.000000000000000000e+00 0.000000000000000000e+00 2.456733729165781477e-01 2.545202974986583988e-01 0.000000000000000000e+00
0.000000000000000000e+00 0.000000000000000000e+00 4.153640953121203738e-01 4.565909365266831998e-01 -5.012171347913227937e-01 -4.340537874067851298e-01 4.424427710199103081e-01 0.000000000000000000e+00 4.658741494535841299e-01 -4.881226418384160826e-01
0.000000000000000000e+00 -3.104471664029102573e-01 2.991252937223587982e-01 5.250413929243408218e-01 -3.589850802185573508e-01 -3.398468405980583085e-01 0.000000000000000000e+00 -5.722235950375151869e-01 0.000000000000000000e+00 0.000000000000000000e+00
3.744162824782935606e-01 0.000000000000000000e+00 0.000000000000000000e+00 0.000000000000000000e+00 0.000000000000000000e+00 4.141522252708773610e-01 0.000000000000000000e+00 -5.391069034642730351e-01 0.000000000000000000e+00 -5.600395486501318354e-01
0.000000000000000000e+00 -2.864074968740732974e-01 0.000000000000000000e+00 -5.238964574096895976e-01 0.000000000000000000e+00 0.000000000000000000e+00 0.000000000000000000e+00 5.321718124948989770e-01 -3.980694039709687937e-01 0.000000000000000000e+00
-3.032254697871217819e-01 -4.172776014498106867e-01 -2.394543755366239368e-01 0.000000000000000000e+00 0.000000000000000000e+00 0.000000000000000000e+00 -3.238098742121419682e-01 -2.603072354485808648e-01 -3.173688168456306746e-01 0.000000000000000000e+00
5.320482907271436579e-01 0.000000000000000000e+00 2.436790253073773949e-01 3.050377792666270627e-01 -3.786881974631391423e-01 0.000000000000000000e+00 0.000000000000000000e+00 0.000000000000000000e+00 0.000000000000000000e+00 -4.647679907438680424e-01
0.000000000000000000e+00 -2.808052976912299714e-01 5.261879058338695403e-01 -3.427319292239462412e-01 0.000000000000000000e+00 -3.148758529091127967e-01 -5.004760958706355733e-01 -2.590486210750212459e-01 -4.645883840234222295e-01 3.717342204488571222e-01
0.000000000000000000e+00 3.679987418651065600e-01 0.000000000000000000e+00 0.000000000000000000e+00 0.000000000000000000e+00 0.000000000000000000e+00 0.000000000000000000e+00 0.000000000000000000e+00 0.000000000000000000e+00 2.478976573486704749e-01
0.000000000000000000e+00 0.000000000000000000e+00 4.925679460016255118e-01 0.000000000000000000e+00 -3.470383079903461843e-01 0.000000000000000000e+00 -3.130783432783494913e-01 0.000000000000000000e+00 3.911684096029745539e-01 0.000000000000000000e+00
-3.019714824275803733e-01 0.000000000000000000e+00 0.000000000000000000e+00 0.000000000000000000e+00 2.984636127474438183e-01 0.000000000000000000e+00 -4.615290084727484143e-01 0.000000000000000000e+00 0.000000000000000000e+00 -3.634271078218966333e-01
2.476642658120802309e-01 0.000000000000000000e+00 0.000000000000000000e+00 0.000000000000000000e+00 0.000000000000000000e+00 -4.703491965956534404e-01 2.420391923119560307e-01 -5.854235307377871900e-01 0.000000000000000000e+00 -3.307839833991590428e-01
-4.832264426684148018e-01 0.000000000000000000e+00 0.000000000000000000e+00 -4.537164628911826703e-01 0.000000000000000000e+00 0.000000000000000000e+00 -4.027041725302554220e-01 0.000000000000000000e+00 0.000000000000000000e+00 -2.286774396674326471e-01
0.000000000000000000e+00 3.785089722839294901e-01 0.000000000000000000e+00 0.000000000000000000e+00 0.000000000000000000e+00 -3.822985838849268236e-01 -2.974244435390300256e-01 0.000000000000000000e+00 0.000000000000000000e+00 0.000000000000000000e+00
0.000000000000000000e+00 0.000000000000000000e+00 -4.775725102995059257e-01 0.000000000000000000e+00 5.641399470847915376e-01 0.000000000000000000e+00 -4.980316105464647203e-01 0.000000000000000000e+00 -5.495813428897228237e-01 3.345291520182310241e-01
0.000000000000000000e+00 -3.373555681517725335e-01 0.000000000000000000e+00 -5.836004025696939213e-01 0.000000000000000000e+00 -4.463375645216548504e-01 -2.325962739403840684e-01 0.000000000000000000e+00 0.000000000000000000e+00 -2.294276535289394847e-01
0.000000000000000000e+00 3.438829808313961789e-01 4.014251147092613436e-01 0.000000000000000000e+00 4.629687600077126985e-01 0.000000000000000000e+00 0.000000000000000000e+00 0.000000000000000000e+00 0.000000000000000000e+00 -4.273892563016793433e-01
2.227683563784844112e-01 0.000000000000000000e+00 3.832941825251925394e-01 -2.958518554374940379e-01 0.000000000000000000e+00 0.000000000000000000e+00 0.000000000000000000e+00 -6.032245253178232236e-01 2.249767995111038865e-01 0.000000000000000000e+00
-5.020772990151085580e-01 0.000000000000000000e+00 0.000000000000000000e+00 -3.769450739477441803e-01 0.000000000000000000e+00 0.000000000000000000e+00 -6.101029507168151955e-01 -4.823890892860317470e-01 2.533959480844644174e-01 0.000000000000000000e+00
0.000000000000000000e+00 -3.076897489391657858e-01 0.000000000000000000e+00 0.000000000000000000e+00 0.000000000000000000e+00 3.848094370193935743e-01 0.000000000000000000e+00 2.545387840830498627e-01 3.249480670150335926e-01 -5.206618950193309114e-01
-4.123915068737520895e-01 2.332920490188939988e-01 -5.158193669808448512e-01 -5.407016477553562295e-01 -3.353366399845991719e-01 0.000000000000000000e+00 0.000000000000000000e+00 3.645853337027049057e-01 -5.480737593698841170e-01 -5.363574689391508166e-01
0.000000000000000000e+00 -4.283468488649190831e-01 -4.481110606073735458e-01 3.714140695814950877e-01 0.000000000000000000e+00 2.577260955613317472e-01 -4.424279221724115585e-01 0.000000000000000000e+00 0.000000000000000000e+00 0.000000000000000000e+00
0.000000000000000000e+00 4.550040058061234349e-01 0.000000000000000000e+00 -4.794953756181922766e-01 0.000000000000000000e+00 2.306175045193274153e-01 0.000000000000000000e+00 4.170353613938488357e-01 -3.509565077481965334e-01 -4.315795059102490172e-01
0.000000000000000000e+00 4.162265364676224211e-01 -3.696052656147541526e-01 0.000000000000000000e+00 -3.538308474960728534e-01 0.000000000000000000e+00 0.000000000000000000e+00 0.000000000000000000e+00 0.000000000000000000e+00 3.734358230939728296e-01
0.000000000000000000e+00 0.000000000000000000e+00 3.410421188356802524e-01 -5.490670989851172967e-01 0.000000000000000000e+00 -2.269827469388489838e-01 0.000000000000000000e+00 0.000000000000000000e+00 0.000000000000000000e+00 0.000000000000000000e+00
4.768417408926075018e-01 2.226351904049693464e-01 0.000000000000000000e+00 3.306765673713924492e-01 0.000000000000000000e+00 0.000000000000000000e+00 -4.379464837056157855e-01 0.000000000000000000e+00 -4.247525899994699650e-01 0.000000000000000000e+00
2.211211067171019173e-01 2.364578599212125709e-01 0.000000000000000000e+00 4.107533535343308451e-01 4.271316955357566947e-01 5.074545927538715029e-01 3.811434546482668217e-01 -4.719152027414387773e-01 0.000000000000000000e+00 0.000000000000000000e+00
0.000000000000000000e+00 -3.650258708611024416e-01 -3.659514043212432344e-01 0.000000000000000000e+00 6.158801564711862131e-01 -3.649948980999604409e-01 0.000000000000000000e+00 -5.057164679938046525e-01 3.235365564322434939e-01 0.000000000000000000e+00
-5.979051659798998442e-01 5.520192508379344609e-01 0.000000000000000000e+00 -3.207855592667910316e-01 -3.930374541738533289e-01 -2.585215734158793355e-01 -5.316207294075787626e-01 0.000000000000000000e+00 0.000000000000000000e+00 -2.749142011407247899e-01
0.000000000000000000e+00 -6.013834161001909706e-01 2.756250326802577311e-01 0.000000000000000000e+00 4.193720629497291741e-01 0.000000000000000000e+00 0.000000000000000000e+00 4.995572751471788475e-01 0.000000000000000000e+00 -3.287773646022469354e-01
-3.894035151822137220e-01 0.000000000000000000e+00 0.000000000000000000e+00 -2.656169544377942615e-01 -2.521928816876671808e-01 0.000000000000000000e+00 0.000000000000000000e+00 -3.817053330094548613e-01 2.733127409098807248e-01 0.000000000000000000e+00
0.000000000000000000e+00 2.483028040278940085e-01 3.382849288608073546e-01 -2.786864765194156934e-01 0.000000000000000000e+00 -4.206625685492510480e-01 -4.448860502509713877e-01 0.000000000000000000e+00 -4.048233983177549900e-01 0.000000000000000000e+00
-5.216618713549709963e-01 -4.466576045654038207e-01 -5.366420069290169792e-01 0.000000000000000000e+00 0.000000000000000000e+00 0.000000000000000000e+00 3.738791024538417607e-01 0.000000000000000000e+00 0.000000000000000000e+00 0.000000000000000000e+00
4.026291405812215674e-01 0.000000000000000000e+00 5.999724111438817786e-01 -3.743232620933141797e-01 0.000000000000000000e+00 -5.529232847386048588e-01 -2.786773050249445327e-01 -6.309627050745619803e-01 -5.584377595035852071e-01 0.000000000000000000e+00
0.000000000000000000e+00 0.000000000000000000e+00 -5.068905113420870689e-01 0.000000000000000000e+00 -3.389350517140342633e-01 -4.370172941988820225e-01 0.000000000000000000e+00 -4.979615413390812706e-01 -2.442608494321303336e-01 -2.948460446757800169e-01
-4.629178845005019194e-01 5.082441511968457393e-01 0.000000000000000000e+00 0.000000000000000000e+00 3.671645011224113353e-01 -3.521206374056156108e-01 -2.754614249695615524e-01 0.000000000000000000e+00 -2.615581244282431106e-01 -6.225488950113585718e-01
4.347607696403971156e-01 -3.084265437773733853e-01 4.029258731923306969e-01 0.000000000000000000e+00 0.000000000000000000e+00 2.363418792566844284e-01 0.000000000000000000e+00 -5.354195201219905664e-01 -4.441414384295371276e-01 -4.673412375513483763e-01
3.787131616129829070e-01 -4.642140527594512678e-01 0.000000000000000000e+00 3.680190688935471854e-01 0.000000000000000000e+00 0.000000000000000000e+00 -2.672082276918996691e-01 -2.775869442958487920e-01 0.000000000000000000e+00 0.000000000000000000e+00
-5.319128077540249411e-01 0.000000000000000000e+00 0.000000000000000000e+00 0.000000000000000000e+00 2.932950376219722877e-01 -5.867740211979848297e-01 -5.125299258402435942e-01 0.000000000000000000e+00 0.000000000000000000e+00 3.030377922737521601e-01
0.000000000000000000e+00 0.000000000000000000e+00 0.000000000000000000e+00 -3.645304796977380524e-01 -4.226933915951975873e-01 3.056147905144528942e-01 0.000000000000000000e+00 0.000000000000000000e+00 0.000000000000000000e+00 0.000000000000000000e+00
0.000000000000000000e+00 -3.158017016645944808e-01 0.000000000000000000e+00 0.000000000000000000e+00 0.000000000000000000e+00 0.000000000000000000e+00 0.000000000000000000e+00 0.000000000000000000e+00 5.278279500448262995e-01 0.000000000000000000e+00
-6.358969629529049872e-01 2.205373891168061207e-01 -3.228564577695073878e-01 0.000000000000000000e+00 0.000000000000000000e+00 -2.498208480830033384e-01 5.686337421253746527e-01 0.000000000000000000e+00 -2.203344016736628053e-01 2.298076632219190341e-01
0.000000000000000000e+00 -4.683217621775454531e-01 0.000000000000000000e+00 -3.241193576866738812e-01 0.000000000000000000e+00 -2.808741875464826898e-01 5.287084893920863671e-01 0.000000000000000000e+00 0.000000000000000000e+00 -2.727670723275157361e-01
