-6.550788001832894003e-02 -1.502900406756905727e-01 2.337152716529579677e-01 -2.425233451399841367e-02 3.055687807088456331e-01 2.990602100921516682e-01 -2.292560064568616163e-01 1.375500559442282555e-01 -4.111870348064139979e-01 2.401517789388823709e-01
4.543857680047094783e-01 4.241893269891721108e-01 4.742855785149707182e-01 -8.708341527612625810e-02 -4.434133068340367911e-01 2.746540056502712601e-01 9.846574204014815757e-02 -4.833341983180777790e-01 4.170942584565738853e-01 5.925991787187690624e-02
4.509349083301218974e-01 3.411555669885050213e-01 -2.815023133860936055e-01 -3.581036647415090091e-01 -4.554131588043169310e-01 7.100401553668413135e-02 -3.824474452268805114e-01 1.917313941935029353e-01 2.478603732023795247e-01 4.157028657449705067e-01
4.372778013852853807e-01 -4.771481578943637808e-02 4.791970979210608550e-01 3.240832955563272000e-02 -1.416844979673237692e-01 4.415155945680613314e-01 2.200076829504618303e-01 -5.227841338433356425e-03 -2.082263105011437909e-01 -2.391599626300067449e-01
-4.271453913320277102e-02 8.495797790812735506e-02 -8.026228947836577809e-02 9.752575499474158693e-02 -1.311675766029327117e-01 3.183932568971499788e-01 -5.370016342521896080e-01 1.365310019868734570e-01 -2.885692803108152460e-01 1.459451035739071367e-01
2.354889065599059805e-01 -3.535968953450235874e-01 -1.114434255489929748e-01 2.860080755601810409e-01 3.541750352962930726e-01 -1.293752739363792648e-01 8.532466282768147448e-02 1.821667561057906393e-01 -8.315781298791934117e-02 3.851990307059826590e-01
2.320877769256799172e-01 -2.477530669056360879e-01 3.319890217170383129e-01 -3.372702895689965730e-01 -3.399056560237661007e-01 4.151120385415245084e-01 -2.735022827303018600e-01 3.569688755987453499e-01 -1.279583436858428291e-01 -4.783480290838640903e-01
1.609377717106705574e-01 5.826294411582285671e-01 3.118351658037970542e-01 -4.069338898007023864e-01 2.277411108829058284e-01 -5.926308579179030422e-01 -1.199867378417074359e-01 2.851536827972572796e-01 -2.985499599107364066e-01 1.755369815811604894e-01
2.610764478047762904e-01 4.302601671031343611e-01 -1.527649979722976448e-01 -2.918496574262960941e-01 4.421161876708651350e-02 -1.136156352838326930e-02 -1.408492248623602616e-01 3.229852859130448728e-01 4.428247068064397052e-01 1.526370846037088391e-01
3.899391869939479172e-01 -4.555158937867252456e-01 -4.312836164793167337e-01 -7.859690282837175634e-02 -4.357410037342618336e-01 -4.257898379189716254e-01 -5.783336884180000359e-01 2.444183431990569477e-01 4.785490845291801021e-01 2.828555316015702870e-01
7.162889700530829240e-02 1.100159710690725157e-01 -1.787371793889282745e-01 -2.884810134855814723e-01 1.792309386631822932e-01 -4.022748501708307833e-02 4.165214032584113601e-01 1.584626800703339555e-01 -9.647560292524391679e-02 3.713473979307226891e-01
-4.141803514565387534e-01 2.073121220482451177e-01 -2.593652304593093150e-01 1.571822975497444985e-01 -3.459977473944425563e-01 2.462437534702942854e-01 4.459425394431297020e-03 1.949528571418361611e-01 -2.795032432774910425e-01 -4.161641120259588211e-01
-4.453969641113497691e-01 -3.331993242851036957e-02 -7.234028664459035696e-02 4.242957177308744332e-01 2.300066023145964089e-01 -2.032343925333625345e-01 -4.394423991410498775e-01 3.306809488236697736e-02 4.336103162351243601e-01 1.457516158296670861e-01
-1.345835346189543646e-01 1.477637371325907223e-01 -1.170614926718620968e-01 -4.921458170684720468e-01 -4.220710127192108807e-01 -5.786567089757928967e-02 -1.994552214618641184e-01 -5.243146226367376705e-01 2.890092646851498692e-01 1.737233695178234949e-01
-1.640044179245061795e-01 3.035592997897532674e-01 1.426436692955738690e-03 -1.474454295131438497e-01 -5.192563852183534889e-01 7.140666031772457956e-02 -6.097947788633808694e-03 4.967983178526995114e-01 -3.270891662905454078e-01 -1.278173300130088508e-01
3.068995462828123522e-01 -3.126666724442097589e-01 -9.622709346608612768e-02 4.573892932233937225e-01 -1.448398013551209680e-02 5.155462417884156823e-01 -2.006832856110642715e-01 4.405963685177172184e-02 -2.619862351869061690e-01 1.606221245404117759e-01
3.441114397141380454e-01 -2.924707606330835263e-01 4.833098272406893825e-02 -4.127491853717689119e-01 -3.958958264680089711e-01 -8.325265324702310621e-02 -1.990385743583684627e-02 1.031437667884242543e-01 -3.766402080890184356e-01 -6.340151745397197558e-02
-2.532432206406797226e-01 3.304670948562300481e-01 9.837279607341295473e-02 -1.681557159871340523e-01 -1.787039341885955090e-01 1.634736324441039557e-01 -3.167330826964335211e-01 -2.523742610689827526e-01 3.160909246607664924e-01 1.756968837049430743e-01
4.386219764820066536e-02 4.279903359053315870e-01 3.216712556316788652e-01 -2.636756756765615828e-01 2.698901724030406402e-01 1.869776432353258966e-01 -2.509795758643702523e-01 2.214452913684330504e-01 1.588197550587805151e-01 1.542796218410658060e-01
4.218956142205477211e-01 7.016498745133831205e-02 -4.939748620033956872e-01 -2.357371528179245668e-01 1.625228700349288513e-01 -3.701793705222554687e-01 -1.402352896464277403e-02 -7.029654073919566759e-02 -8.925481555535076661e-02 4.682506369344617281e-01
3.435494269290601671e-02 -4.497985541278010646e-01 -5.627035215040301352e-01 7.467937515989456210e-02 -2.663562735603542952e-01 -1.155648284141502918e-01 -4.816497699863233617e-01 -2.606781014161752008e-01 2.390618082618350126e-01 -2.511484157765180303e-01
-5.686277655427963706e-01 2.936697806303876224e-01 3.683273358045796031e-01 4.111117645974519674e-01 -1.550188988115656363e-01 3.215338343217645223e-01 -1.587139053401120103e-01 -9.148764637729221716e-02 -4.548140744978456107e-01 3.327675467181435698e-01
-3.882382551514250157e-01 -4.007776450291097858e-01 1.006234281741702763e-01 -2.588122801858696101e-02 2.843342955752762302e-01 2.455832969146055089e-01 -3.667382534427018337e-01 -2.818636673228411826e-01 -3.780363513017083732e-01 -2.979117798607376355e-01
-4.301210675360270935e-02 -1.839796701156921621e-01 -1.515017115877941023e-01 -5.867714565185724179e-02 -4.850742445718709273e-01 2.854513638204214665e-01 -4.277809019304109062e-01 -9.887163391109606014e-02 7.128671473272024661e-02 -1.494066236382179391e-01
-1.721734111712666659e-01 -1.315868652467023191e-02 3.501933949331803575e-01 -4.137610470639361271e-01 -4.951956444264700441e-02 -1.305957139046767246e-01 1.394274570052242701e-01 3.914139179566293314e-01 1.716514683283459075e-01 6.227035774041494998e-02
4.925597431061607551e-02 -2.449563786296542756e-01 -1.578126028820905080e-01 2.997686520144821065e-01 1.203255957942320903e-01 4.155146005341077697e-01 2.088918088146046181e-01 -1.365522023454142087e-01 4.046131501743239767e-01 -4.935509915152079818e-01
-5.605645419969026433e-01 -3.358076646682900956e-01 1.954724210123590655e-01 3.657758070002889439e-01 9.744434352376400710e-02 1.592182926369963697e-02 -8.937224697360728054e-02 -1.011523292419562597e-01 -2.076039625248538578e-01 4.576094986431836764e-01
5.063246749248629941e-01 -4.652053978796806266e-01 -3.264407555776103753e-01 -2.580431209738848902e-02 3.363462939447238176e-01 -2.341944905013931821e-02 4.501846297383445550e-01 1.512273160953983842e-01 2.074704243033500817e-01 -1.275055035054427077e-01
-8.751493392589744513e-03 3.717285972670787975e-01 -2.941890681785293005e-01 4.787342214514309774e-02 4.392139041363772312e-01 5.729776711402379680e-02 2.290606927316930774e-01 4.912321338549622274e-01 2.478107571920369623e-01 1.975130146475500767e-02
1.182899208225901694e-01 -2.653435835907464457e-01 -3.729220834554707875e-01 6.224916001584239467e-02 -8.713716105538223122e-02 4.806619637773441589e-01 5.629790089245139545e-02 2.535226941448120996e-01 -3.852359217608712361e-01 3.289178710489260582e-01
4.749755198300077419e-01 -6.221054518345147111e-01 -3.859156405598105910e-01 2.723073242878109590e-01 3.661309176188812797e-01 -4.432141766492125878e-01 -3.509802380092840596e-02 -7.416005620991343583e-02 3.186190670925798663e-01 -1.569433700804773457e-01
9.150833862495168225e-02 -2.267024998435747396e-01 -4.979638509141257052e-01 4.022698489710327951e-01 2.365719778534380868e-01 1.558237248867191116e-01 1.909677225737937967e-01 3.784654562932590061e-01 -2.253637710746120570e-01 -2.508658498740642395e-01
-2.183047712682479879e-01 -5.242857033353433005e-01 2.868991703020731254e-01 3.438786253352307809e-01 -2.019822321255417552e-01 2.904502927240333321e-01 -2.290698869726469911e-01 -1.717845511908079048e-01 1.677741597192527190e-01 -1.503774570939623301e-01
3.508466944764118689e-01 -5.086094146901424251e-01 1.698620957494966777e-01 -2.167746698912514647e-01 -2.399007200785044092e-01 2.419835596232651209e-01 1.049344874716683362e-01 -4.971299660181582869e-01 -4.905747028761951456e-01 -4.182050643735564788e-01
3.668477120351830711e-01 -4.119462124356559340e-01 -3.692352281597853780e-01 -5.400667070174891560e-01 -2.375571951443328500e-01 -1.763267516289085401e-01 2.413543300447503481e-01 -5.203069969204741074e-01 -4.767172852481871281e-01 1.499945641678377406e-01
-4.592319576604914078e-01 -5.893201138388815853e-03 -1.121625159655287585e-01 1.384429015723525336e-01 -5.248339015577129230e-01 9.404903060320066177e-02 3.938646143614549233e-01 3.164847027210453412e-01 1.882527160167505043e-01 -1.925435761866487461e-01
-2.212615482561405278e-01 2.814774166250207932e-01 5.856491949074224546e-02 -5.376379481542723493e-01 -4.431437367517200854e-01 -3.625396579197120439e-01 1.508498008613536889e-01 -4.385377375302847991e-01 3.135703266123425759e-01 -2.158099054238910852e-01
-6.699344869658724333e-01 6.868194087433918127e-02 -6.029945467704971307e-01 -5.327146074487755234e-01 3.881838095863200389e-01 3.937420732390190525e-01 -1.199357523871707500e-02 -1.565530293947381135e-01 -2.807206023032193798e-02 -2.811364000467225233e-01
-3.670846878788674439e-01 7.176403871602159146e-02 3.813197771837010253e-01 -1.477678350894339465e-01 4.905248247173621956e-01 2.035543174026522850e-01 3.881176351359472143e-01 -2.006327227944083857e-01 3.631623430394799179e-01 -1.703272846176049349e-01
-4.977026018247103500e-02 -4.745575218226870673e-01 -3.740675588111642136e-01 -4.872369020657608130e-01 2.587787057117970080e-01 -2.972786452876651220e-01 8.872371382767682557e-02 4.611222911876112218e-01 2.776334891100457058e-01 4.222975117820590429e-02
2.615510761022676878e-01 4.214599884537498231e-02 -1.886752014397393151e-01 3.693571753376710953e-01 -4.774962930042377374e-01 -3.563340073717443657e-01 5.030794497218006311e-01 -4.568441411956322695e-02 3.773435726311780147e-01 -1.748813771994090632e-02
-2.898014706791048889e-01 4.005875277310558813e-01 2.533285175283305768e-01 1.581661440886669994e-04 1.375867928415678010e-01 2.550304559543888905e-01 4.692806485823229901e-01 -4.185209155359936872e-01 -1.963074879004444995e-01 1.198997574257028992e-02
-3.099438506772076440e-01 -3.889952532322104584e-01 4.593317133873341951e-01 3.176040769723375012e-01 2.751381542072479092e-01 -4.075530210526852604e-01 -3.178675199901804249e-01 4.725401238021774697e-01 -2.140434678139738200e-01 4.770769385993459122e-01
1.644961915881724135e-01 3.559385593050122809e-01 -2.935679722736286301e-01 4.164218469785113119e-01 -5.132540856606931934e-01 -2.772217498063655472e-01 -3.291058934854999007e-01 -5.114232498659139203e-01 4.183632167737238450e-01 -5.890845843052313624e-01
1.752597197760991377e-01 6.107906460462873138e-02 -3.864306500478660311e-01 2.582431572518341101e-01 9.312514579756159261e-02 -1.894433087256757187e-01 -1.457968601763332261e-01 -2.600574019738363662e-01 2.592414564016979339e-01 3.336280251161422572e-01
-2.983646131152209446e-01 -1.734994404427852854e-01 3.834912139896251015e-01 4.196204468460231207e-01 -2.582940197942643068e-01 -1.524370494305878065e-01 3.913502386877945605e-01 -3.377489203253072336e-01 -4.648145075478462562e-01 3.754863700545663652e-01
1.864580398854174398e-02 -5.408640098945490804e-01 3.962252301231319884e-01 -2.625276764118991135e-01 -2.723143946305194296e-01 2.681739793192296495e-01 -4.030280725175574424e-02 -1.242441025864000903e-01 1.996608842622053237e-01 2.986811274701421381e-01
4.106495047768691786e-01 3.534254148587150784e-02 1.132181402735270431e-01 2.039588349059027750e-01 -2.064918226528178191e-01 -4.630539099696843186e-01 1.276901383858470296e-01 -4.246077001538386964e-01 -3.811985012395182060e-01 -1.244540394253857291e-01
9.857953433082823624e-02 3.712876854125004428e-02 1.553616421900968492e-01 3.447603802237372284e-01 -8.981810393336832343e-02 2.791320146710606354e-01 -2.214500824460786110e-01 5.111469794097380642e-02 -4.911750430534648770e-01 2.256551712924396713e-01
1.084663066952059329e-01 1.609137307217039792e-01 3.140668965599097140e-01 -3.780429005919589414e-01 2.105612325313642452e-01 3.388386427537543044e-01 3.221034414246472521e-01 2.160137114702573302e-01 -2.665231357735448059e-01 2.630803917176861503e-02
2.500259905941059138e-02 3.598624305806622514e-01 -1.986672244380152941e-01 2.683401963129496415e-01 -1.690035210995914638e-02 1.291862842008280506e-02 -4.531804032796411530e-01 -2.596085942519431033e-01 -4.563378697434805065e-01 -1.004084740738091230e-01
3.615467885438296003e-01 -2.973089139146808946e-01 -4.150468655692683417e-01 4.216416899284596842e-01 -3.188754292235557175e-01 -3.457383512622446142e-01 -2.013986426375494465e-01 -3.287787486071328535e-01 -3.826946708843308453e-01 -3.327301037496481206e-01
-9.590736960544528344e-02 -4.126684601646388173e-01 -1.539723934379677583e-01 3.998088616926581684e-01 3.222533815045575123e-01 3.008955942923790539e-01 3.787909907611249939e-03 2.140946273366066688e-01 -5.042797448985008035e-01 -1.114878312110479247e-01
-8.054650618412549645e-02 3.886368253058099936e-02 8.359051056999345503e-03 -4.036252185267950598e-01 -2.447043895971734093e-02 -2.200407730342752444e-01 -1.846598549799971789e-01 -4.669884088299954827e-01 -7.984975445059838695e-02 2.229614258841445262e-01
2.690310629236916107e-01 9.570368330087114517e-02 -2.146313065165151301e-01 -5.336975450880918764e-02 -2.377367617506735697e-01 -2.102965667500107105e-01 -2.363142451401361033e-01 1.407118685095476163e-01 4.798733817838525262e-01 -3.696717305216014049e-01
3.269294346766466464e-01 -2.502916590253867479e-01 1.007114763969995663e-01 1.634081460376467787e-01 -6.195418584382269417e-02 4.235211271342136097e-02 -1.198177414337959698e-02 3.319869239301421332e-02 1.249965136223390311e-01 -2.992674668887696510e-01
8.101052303872494087e-02 -1.047724576398435803e-01 -1.691898978387108565e-01 3.235402340257740872e-01 -1.673065818472228572e-01 8.601902195507687976e-02 1.983128514392805131e-01 4.811787281017011059e-02 -1.355460475268483733e-01 -2.169736359806377080e-01
3.273010922280868429e-01 -5.853038225547716467e-01 -7.042676123985955328e-02 1.878845925578661036e-01 7.523486417426006323e-02 1.362594639885067183e-01 2.121461597100674779e-01 2.430865427511858523e-01 2.537526186977970277e-01 1.301913522950293722e-01
1.519624362972978515e-03 1.848646157686732461e-01 4.177733771928199835e-01 4.498919697980524046e-01 -4.901794646915584863e-01 -4.282876879276028559e-01 4.388005874815208984e-01 -9.065165961238193237e-02 4.616756972388300628e-01 -4.841633507930251934e-01
-1.751565193870731063e-01 -3.105391141848502512e-01 3.005597501235887647e-01 5.212468186498863121e-01 -3.522019344720772605e-01 -3.335078954265121021e-01 -5.470240216120320770e-02 -5.762192645916840439e-01 9.107948145267703854e-02 1.704040516563495311e-01
3.756828306004441620e-01 1.820080933551997682e-01 -1.265832644330673086e-02 -1.213855068248044650e-01 4.163761082235647309e-02 4.203612143458381745e-01 3.425945072195853147e-02 -5.463203848267299545e-01 -1.215251802265019110e-01 -5.524882015879161168e-01
1.752549037463995152e-01 -2.895343133104136268e-01 -9.485655489543633190e-02 -5.289631152649275636e-01 6.361399033524450797e-02 6.533986597632392146e-02 2.147797827673391113e-01 5.206103099090781949e-01 -3.999201981703693343e-01 -1.497737849973639623e-01
-3.024758622571545597e-01 -4.182195803108933463e-01 -2.300359184222454667e-01 1.341959315360784499e-01 1.895115041364095823e-02 -4.920099851074532377e-02 -3.288181717625883738e-01 -2.750480393091277453e-01 -3.214960184317272041e-01 1.817929887300233915e-01
5.309691603788128100e-01 3.626324976861937388e-02 2.472053567415771758e-01 2.999027029534551692e-01 -3.715856156989510994e-01 4.037871329711548163e-03 -1.022979818006487795e-01 1.564701735155161200e-01 1.835237084252319129e-01 -4.612140758579650890e-01
-6.667559143766290958e-04 -2.798575778963390825e-01 5.341588110863204619e-01 -3.500388892283523568e-01 -3.638585015552226604e-02 -3.054139204497510196e-01 -5.028086646925269410e-01 -2.719354806065783503e-01 -4.673139690749893438e-01 3.750619298738392393e-01
-3.586588186493665925e-02 3.685943195065966016e-01 -3.482145315379976680e-02 -2.680099542636896204e-02 2.493430942901820463e-02 -2.183039194939425873e-02 -1.695870539125012566e-01 1.043752288260574035e-01 -1.798130336809427021e-01 2.475714129483143622e-01
-1.818441256655707172e-03 -5.827990029920636188e-03 4.951823876788457590e-01 3.113033221655912494e-02 -3.399412969487448088e-01 -1.462510518423349171e-01 -3.136088633345633370e-01 2.117544367232350455e-01 3.875724370879754521e-01 1.094693380385671350e-01
-3.009695476620401489e-01 -1.904230881639306650e-01 1.929865062628766670e-01 -8.579962217401673752e-02 3.090296793325941760e-01 1.430785342824593132e-01 -4.625955843345727625e-01 1.642015214416772950e-01 1.866232274254384371e-01 -3.569279044678837498e-01
2.487158651347063931e-01 6.480659080189997423e-02 1.166235888179468494e-01 1.853164126872449691e-01 -5.187620523224240748e-02 -4.646256822995538660e-01 2.398901909963874479e-01 -5.918328369282870316e-01 -1.226129280075886202e-01 -3.269576762393759384e-01
-4.825475431796237280e-01 -1.202222510685170206e-02 -3.521378394702125159e-02 -4.625669035190073664e-01 -1.609616932359725083e-01 -3.841159927186278689e-02 -4.073815918340740749e-01 -1.100054386681122570e-01 1.566157668302908812e-01 -2.208348958316140032e-01
-8.704720420818623516e-02 3.807828993695521747e-01 1.810948609622634736e-02 1.272218809054513899e-01 8.470394111595763720e-02 -3.735624092606465441e-01 -2.981470688962828408e-01 -6.403653438753509342e-02 9.677343785939987453e-02 -9.742447335100952455e-02
-8.635784410511297693e-02 1.976424000704204431e-01 -4.718176505473954951e-01 3.759297857238450002e-02 5.660798477343329527e-01 -2.090667273806205428e-01 -4.970063382962769949e-01 1.396292896941969119e-01 -5.495788571349153884e-01 3.368282872233910319e-01
3.012414752012647010e-02 -3.387084731511025293e-01 -3.320996877511050299e-02 -5.915364411434077541e-01 -1.146824683875727058e-01 -4.365628452097110590e-01 -2.388236519315747597e-01 2.057300595061400672e-01 -1.711549785367847201e-02 -2.249327337539752392e-01
-1.793455517585336723e-01 3.439310124665372337e-01 4.024540956734685149e-01 -2.148370970475197567e-02 4.680656428849304107e-01 -6.178944171502290250e-02 1.083769526050280679e-01 -7.807669260859800842e-02 1.824038521572871052e-01 -4.257038120166038997e-01
2.243686312748764677e-01 2.095199616897609474e-01 3.857142219129843785e-01 -2.977952495221536933e-01 9.079969586178611440e-02 -1.946346693725710120e-01 1.848007404000475973e-01 -6.077531998703867844e-01 2.239482211243313259e-01 1.331575198382005665e-01
-4.999567191939076061e-01 -1.907317101672199311e-01 -1.607724336571943885e-02 -3.822961174922945293e-01 2.186176073086409238e-02 4.442877424955269522e-02 -6.096313379209956640e-01 -4.896470244737246014e-01 2.503884502059730566e-01 5.468377095152103171e-03
8.490781747072647864e-03 -3.086133018962266550e-01 2.038243847193243474e-01 1.714222485109144836e-02 -1.476814764070628616e-01 3.899510021311791697e-01 1.631841085528619173e-01 2.448344011802805475e-01 3.196878680558203900e-01 -5.128158739911077291e-01
-4.116419467693978596e-01 2.323499516860002556e-01 -5.064009702555595238e-01 -5.496962879939822910e-01 -3.228551728961628342e-01 1.837686605476769250e-02 -9.998271140764286580e-02 3.498439339347186872e-01 -5.522010436732996963e-01 -5.282282944266329938e-01
-2.502929128803501376e-03 -4.276107175782019043e-01 -4.384811404343889607e-01 3.640288557610475983e-01 9.506076855581977250e-03 2.673222293874197297e-01 -4.446587781657982408e-01 -1.470511237740238508e-01 -5.965083488396949116e-04 -7.440537716589786313e-03
7.888902649586622406e-02 4.525403853205548499e-01 -3.950295092801052455e-02 -4.855174838786804892e-01 -1.514183112972136147e-01 2.369443410694485885e-01 4.662713741505290777e-02 4.053258546874609625e-01 -3.533930627828039683e-01 -4.269314360936686259e-01
-8.832157773352897201e-02 4.142150225267701713e-01 -3.632707744490712987e-01 3.126148669201147395e-02 -3.487570542473022450e-01 4.533734304475644378e-02 -1.096599918354377104e-02 2.106901367901645866e-02 2.126852547064471965e-01 3.790955935124281639e-01
5.897332877045264460e-02 -1.831094480438187344e-01 3.493451172300167107e-01 -5.554483783288519660e-01 6.514561815721353621e-02 -2.182336607995373212e-01 -5.954310619152779899e-02 -7.963705235883007660e-02 -9.379970666541368601e-03 5.272090107913937618e-02
4.768422546028127096e-01 2.226347199029282131e-01 1.026873531881589419e-01 3.306758093286499833e-01 -1.386645963303410611e-01 1.839091226320943573e-01 -4.379472954898112058e-01 5.141297251382211803e-02 -4.247538287047657457e-01 2.120746715519679915e-01
2.216157131932253721e-01 2.340971180150715758e-01 9.111211534223478958e-02 4.097606461358793140e-01 4.314719442647211300e-01 5.100253987599804306e-01 3.765828896955258354e-01 -4.769369621579169216e-01 -4.058506413949138775e-02 -1.152796895362103446e-01
-1.681673103493169438e-02 -3.671125775470913677e-01 -3.631969606572637566e-01 -1.588396086449903825e-03 6.161114869537249739e-01 -3.600258008043066282e-01 2.036510293992398191e-01 -5.071030466945974924e-01 3.235832155564014045e-01 2.054528598572685771e-01
-5.986885835305861825e-01 5.545083242554238456e-01 1.364505406471236137e-01 -3.259792388261276708e-01 -3.853319029858217060e-01 -2.555343874076066446e-01 -5.309797316600355366e-01 5.577279895369584989e-02 1.621922253720949614e-01 -2.716799956351915735e-01
1.473551027728622342e-01 -6.011312960908399283e-01 2.765092558533405187e-01 1.110339414196557517e-01 4.193975748569294670e-01 -1.104632949817251492e-01 -1.971581827735621045e-02 4.949677699986583801e-01 1.904463712730907268e-02 -3.270555084257319445e-01
-3.886538864754536804e-01 -1.168183403892572858e-01 -1.431928283509412425e-01 -2.746115621638606230e-01 -2.397117502389475019e-01 -1.754073450719523530e-01 -5.070232402241383468e-02 -3.964460388405866564e-01 2.691853686236618248e-01 -1.971429622484791033e-01
6.909670436484410816e-02 2.489843233223625607e-01 3.454770006497075441e-01 -2.870253272766650210e-01 -5.563156917350527142e-02 -4.098409378496326028e-01 -4.466606985177626332e-01 8.983567490913415415e-03 -4.087765390570715640e-01 1.654311713610097379e-01
-5.209122188949444343e-01 -4.475995189749639724e-01 -5.272235150717869967e-01 3.491392461347454790e-02 3.145755631856248392e-03 -1.370793815999593601e-01 3.688704907482238116e-01 1.733215828447146056e-01 -6.948317079634282190e-02 -5.477637538707962744e-02
4.036775860105920599e-01 6.660503412081354713e-02 6.017131175664024445e-01 -3.760181490818319539e-01 -2.027181799159352427e-01 -5.479534320400821779e-01 -2.812057872121176416e-01 -6.368967062752168840e-01 -5.598727014435027627e-01 1.344800923490493683e-01
-1.056852433673403924e-01 -1.781431668125109669e-01 -4.977759452357697345e-01 8.078441024843110996e-02 -3.266998071963871930e-01 -4.260478817390869199e-01 1.311824933944868432e-01 -5.121090884919623498e-01 -2.481267416294861139e-01 -2.874524149970824616e-01
-4.618814265052769152e-01 5.075220498414299009e-01 1.834133672565477491e-01 -3.227103203545154259e-02 3.762654510541848518e-01 -3.444841798399349564e-01 -2.802016695068969554e-01 2.086070484203230435e-01 -2.650727792162286267e-01 -6.165270387050131307e-01
4.364430131541605085e-01 -3.089737521387830310e-01 4.066826800470376702e-01 -1.967432698274585168e-01 1.513547988243119646e-01 2.408067632409286452e-01 -1.175925767740971101e-01 -5.410636881874109072e-01 -4.469907713501887758e-01 -4.620980238304733256e-01
3.791918123337941204e-01 -4.644347616398485368e-01 1.623865907399099640e-01 3.672647628398406083e-01 1.591817215692291065e-01 1.344134204426924994e-01 -2.679402101671828906e-01 -2.785740217884720149e-01 -2.367896955353702981e-02 -3.916383682240428404e-02
-5.311650562375953566e-01 -4.164689395513068021e-02 -1.140499942252852367e-01 9.755849473689919005e-02 3.057696513449476017e-01 -5.757685785109897258e-01 -5.175383926604656404e-01 1.129049678892505848e-01 3.002950554670975533e-02 3.111666718508849239e-01
1.696182516071296775e-01 -8.284969373044615004e-02 1.147622914165889740e-01 -3.725108848047630206e-01 -4.111426211570143319e-01 3.138841265321188345e-01 7.181796153562654272e-02 -6.099708209518161367e-02 -9.887422489532186887e-02 1.967545183780490536e-01
-1.411077403665318142e-01 -3.181499290012847481e-01 -1.900632748946634587e-01 1.220653623109405200e-01 7.300426598943883516e-02 8.990793694778238809e-02 1.892887159522904095e-01 -1.092272035101269356e-01 5.250097043091637161e-01 -1.690930335410618102e-01
-6.367758135436615285e-01 2.187083844634727381e-01 -3.178132790703147026e-01 -5.766562796027879106e-02 3.657557958570041567e-02 -2.441962228144197999e-01 5.642256715968207992e-01 -9.997043758641004085e-02 -2.194929573750234175e-01 2.329497204529437093e-01
-1.452201063736897890e-01 -4.694843138420712325e-01 -7.142931117221790194e-02 -3.311234220950927121e-01 -1.366510426457774041e-01 -2.700713129353249364e-01 5.230269773284330626e-01 4.552345523753653644e-02 9.187969932448118715e-02 -2.672930732116531871e-01
